tempr.peak_time;tempr.peak_dat;tempr.rise_time;tempr.max_deriv;tempr.amplitude;tempr.max_deriv2
1573142105267;26.4036;12000;0.00756279;0.0462036;0.00110143
1573142118267;26.4469;13000;0.00605544;0.0432777;0.000678608
1573142129601;26.4872;10000;0.00738374;0.0400600;0.00107021
1573142141267;26.5319;11666;0.00788422;0.0446415;0.000998456
1573142154601;26.5754;13334;0.00629751;0.0435219;0.000780924
1573142168267;26.6206;13666;0.00694403;0.0451584;0.000874121
1573142180601;26.6697;10334;0.00773895;0.0494251;0.00122014
1573142185267;26.6909;4666;0.00535803;0.0212231;0.000373302
1573142242601;26.7910;57334;0.00857484;0.100075;0.000682994
1573142252601;26.8319;10000;0.00427458;0.0408936;0.000628948
1573142266601;26.8843;14000;0.00715005;0.0524845;0.000767662
1573142275601;26.9040;9000;0.00301568;0.0196190;0.000281724
1573142285267;26.9251;9666;0.00345042;0.0211086;0.000259869
1573142295601;26.9495;10334;0.00342550;0.0244408;0.000409373
1573142345267;26.9700;49666;0.00307186;0.0204430;0.000161970
1573142347601;26.9856;2334;-3.66687e-05;0.0156689;-0.00112153
1573142354601;27.0916;7000;0.0175451;0.105988;0.00159042
1573142375934;27.1363;14667;0.00422986;0.0379467;0.000357747
1573142396267;27.1786;18000;0.00355685;0.0378227;0.000352039
1573142412267;27.2232;16000;0.00507364;0.0446568;0.000503169
1573142422934;27.2719;10667;0.00613239;0.0487022;0.000492638
1573142432601;27.3099;9667;0.00605036;0.0380268;0.000381459
1573142470267;27.3504;21000;0.00350360;0.0362625;0.000269444
1573142488934;27.4012;14333;0.00624340;0.0519848;0.000773392
1573142497267;27.4412;8333;0.00580472;0.0399628;0.000445509
1573142505601;27.4838;8334;0.00627027;0.0426712;0.000195618
1573142515934;27.5282;10333;0.00663563;0.0444031;0.000332244
1573142536934;27.5772;21000;0.00451231;0.0490055;0.000294744
1573142610934;27.6114;74000;0.00272382;0.0341778;0.000431738
1573142614601;27.5986;2667;0.000333459;-0.0117302;-1.47593e-05
1573142620267;27.5816;5666;-0.00294075;-0.0169926;-0.000236363
1573142638934;27.6018;18667;0.00214799;0.0202198;0.000765761
1573142656601;27.6237;11000;0.00306796;0.0166416;0.000359517
1573142674934;27.6696;18333;0.00433123;0.0459290;0.000340153
1573142690267;27.7135;15333;0.00525448;0.0438709;0.000484320
1573142704267;27.7339;14000;0.00238876;0.0203781;0.000283419
1573142717267;27.7495;13000;0.00199900;0.0155563;0.000218636
1573142795267;27.8016;14000;0.00426866;0.0371075;0.000758945
1573142813267;27.8419;18000;0.00501073;0.0403061;0.000655273
1573142834601;27.8831;15000;0.00535763;0.0368004;0.000785319
1573142848601;27.9338;14000;0.00787885;0.0507278;0.000983864
1573142866934;27.9774;12333;0.00760453;0.0440712;0.00115030
1573142879267;28.0206;12333;0.00688854;0.0432129;0.000972654
1573142906601;28.0979;27334;0.0146330;0.0773182;0.00267845
1573142913267;28.2046;6666;0.0146330;0.106640;0.00267845
1573142922601;28.2435;8000;0.00739487;0.0380116;0.000856910
1573142933267;28.2883;10666;0.00732618;0.0447388;0.000674463
1573142944934;28.3326;11667;0.00696111;0.0443687;0.000872035
1573142959267;28.3759;14333;0.00617386;0.0433044;0.000718719
1573142974601;28.4197;15334;0.00609915;0.0437832;0.000811746
1573142989601;28.4648;15000;0.00692300;0.0450439;0.000925442
1573143002267;28.5082;10000;0.00786138;0.0436878;0.00117436
1573143012267;28.5537;10000;0.00858872;0.0455055;0.00108421
1573143023934;28.5981;9667;0.00788800;0.0451965;0.00117870
1573143036601;28.6446;12667;0.00781895;0.0465412;0.000716290
1573143055601;28.6866;19000;0.00375462;0.0420170;0.000427583
1573143078601;28.7300;23000;0.00514275;0.0433483;0.000701643
1573143106267;28.7546;14333;0.00270230;0.0230446;0.000446367
1573143123267;28.7751;17000;0.00310914;0.0205021;1.64740e-05
1573143153601;28.8160;30334;0.00234755;0.0408344;0.000365492
1573143177934;28.8383;13333;0.00288786;0.0193233;0.000232313
1573143203267;28.8596;20000;0.00303805;0.0263729;0.000392046
1573143319934;28.8434;12333;-0.00384520;-0.0195942;-0.000522770
1573143336934;28.8609;17000;0.00163956;0.0174561;0.000840825
1573143363267;28.8958;21333;0.00347691;0.0328655;0.000429525
1573143416601;28.8736;8667;-0.00430076;-0.0217800;-0.000733470
1573143424267;28.8873;7666;0.00317453;0.0137272;0.00117487
1573143432267;28.8995;8000;0.00225840;0.0122242;0.000319176
1573143455601;28.9459;23334;0.00394750;0.0463963;0.000238224
1573143520934;28.9081;25667;-0.00321709;-0.0383911;-0.000276829
1573143558601;28.8748;23000;-0.00210909;-0.0315075;-0.000189564
1573143570934;28.8946;12333;0.00238991;0.0198040;0.000527280
1573143578934;28.9070;8000;0.00200497;0.0124054;0.000101428
1573143594601;28.9485;15667;0.00580037;0.0414505;0.000738290
1573143618934;28.9946;24333;0.00347538;0.0461674;0.000366898
1573143629267;29.0090;10333;0.00218993;0.0143623;0.000182582
1573143643267;29.0288;10333;0.00351744;0.0207062;0.000494382
1573143650601;29.0418;7334;0.00256478;0.0129490;0.000166136
1573143666267;29.0857;15666;0.00555209;0.0439320;0.000735158
1573143686267;29.1285;20000;0.00395059;0.0428009;0.000386860
1573143707934;29.1691;21667;0.00400102;0.0405674;0.000252447
1573143729267;29.1878;11333;0.00303405;0.0128632;0.000415628
1573143739267;29.1754;10000;-0.00208082;-0.0124054;-0.000782750
1573143763934;29.1301;24667;-0.00613605;-0.0452995;-0.000751596
1573143785267;29.1760;15000;0.00761661;0.0462551;0.00116873
1573143799267;29.2149;12333;0.00658179;0.0388279;0.000967033
1573143810601;29.2553;10334;0.00715177;0.0403290;0.00101484
