HRV.time;HRV.x;HRV.y;HRV.z
1573142083574;29.6488;30.3475;40.0038
1573142083824;31.4264;29.4547;39.1189
1573142084074;31.4702;29.4419;39.0880
1573142084324;31.5183;29.4355;39.0462
1573142084574;31.5672;29.4318;39.0009
1573142084824;29.8896;29.5951;40.5153
1573142085074;29.3484;29.7082;40.9435
1573142085324;28.8962;29.9152;41.1886
1573142085574;28.6087;30.1704;41.2208
1573142085824;28.3947;30.5010;41.1043
1573142086074;28.2299;30.8799;40.8902
1573142086324;28.0850;31.2718;40.6431
1573142086574;28.0625;31.3304;40.6072
1573142086824;28.0389;31.3815;40.5796
1573142087074;28.0129;31.4233;40.5637
1573142087324;28.2838;31.0724;40.6438
1573142087574;28.5049;30.8148;40.6803
1573142087824;28.6739;30.6496;40.6766
1573142088074;28.7984;30.5815;40.6201
1573142088324;28.8945;30.6191;40.4864
1573142088574;28.7407;30.4485;40.8107
1573142088824;28.4715;30.1470;41.3814
1573142089074;28.1175;29.7576;42.1249
1573142089324;27.7340;29.3480;42.9180
1573142089574;27.3835;28.9923;43.6242
1573142089824;27.1007;28.7374;44.1618
1573142090074;26.9335;28.6395;44.4269
1573142090324;26.8123;28.7365;44.4512
1573142090574;26.7645;29.0397;44.1958
1573142090824;26.7207;29.4654;43.8139
1573142091074;26.6146;29.9213;43.4641
1573142091324;26.4115;30.3381;43.2504
1573142091574;26.4645;30.2339;43.3016
1573142091824;26.4713;29.9107;43.6180
1573142092074;26.2621;29.5644;44.1735
1573142092324;26.3884;29.6908;43.9208
1573142092574;26.5372;29.8128;43.6500
1573142092824;26.7037;29.9241;43.3722
1573142093074;26.8809;30.0153;43.1038
1573142093324;26.7449;29.9721;43.2831
1573142093574;26.3129;29.9385;43.7485
1573142093824;25.8603;30.0292;44.1106
1573142094074;25.4235;30.2758;44.3006
1573142094324;25.2356;30.4840;44.2804
1573142094574;25.0822;30.7802;44.1376
1573142094824;24.9549;31.1505;43.8946
1573142095074;24.8377;31.5706;43.5917
1573142095324;25.0067;30.8836;44.1097
1573142095574;25.1674;30.1952;44.6374
1573142095824;25.3442;29.5413;45.1145
1573142096074;25.5502;28.9401;45.5096
1573142096324;25.8294;28.2764;45.8941
1573142096574;26.0751;27.7579;46.1670
1573142096824;26.3167;27.2530;46.4303
1573142097074;26.5359;26.7411;46.7230
1573142097324;26.6139;26.5323;46.8537
1573142097574;26.6898;26.3157;46.9945
1573142097824;26.9258;25.6215;47.4527
1573142098074;27.1714;24.9577;47.8709
1573142098324;27.4707;24.3616;48.1677
1573142098574;27.8669;23.8656;48.2675
1573142098824;28.4379;23.4555;48.1066
1573142099074;29.1593;23.1825;47.6582
1573142099324;30.0207;23.0335;46.9459
1573142099574;30.9839;22.9790;46.0371
1573142099824;31.6838;22.9769;45.3393
1573142100074;32.3674;22.9771;44.6555
1573142100324;32.9786;22.9515;44.0699
1573142100574;33.4716;22.8829;43.6455
1573142100824;33.8214;22.7695;43.4091
1573142101074;33.4083;23.0127;43.5789
1573142101324;32.7298;23.4992;43.7710
1573142101574;31.9672;24.0526;43.9801
1573142101824;31.1473;24.6398;44.2129
1573142102074;30.3215;25.2437;44.4348
1573142102324;29.6303;25.8018;44.5679
1573142102574;29.0509;26.3671;44.5820
1573142102824;28.6079;26.9296;44.4625
1573142103074;28.3153;27.4504;44.2343
1573142103324;28.1488;27.9070;43.9442
1573142103574;28.0709;28.2773;43.6518
1573142103824;28.0576;28.4817;43.4606
1573142104074;28.0892;28.4891;43.4217
1573142104324;28.1345;28.4263;43.4392
1573142104574;28.2378;28.3029;43.4592
1573142104824;28.3993;28.1239;43.4768
1573142105074;28.6159;27.8934;43.4907
1573142105324;28.8935;27.5998;43.5067
1573142105574;29.2080;27.2547;43.5372
1573142105824;29.5417;26.8563;43.6020
1573142106074;29.8718;26.4018;43.7264
1573142106324;30.1735;25.8895;43.9370
1573142106574;30.2713;25.6736;44.0551
1573142106824;30.3479;25.4395;44.2127
1573142107074;30.3990;25.1908;44.4101
1573142107324;30.2062;26.5178;43.2759
1573142107574;30.0133;27.8507;42.1360
1573142107824;29.8846;28.7401;41.3752
1573142108074;29.7595;29.5796;40.6609
1573142108324;29.6235;30.3386;40.0379
1573142108574;29.6682;30.1168;40.2151
1573142108824;29.7079;29.9344;40.3577
1573142109074;29.6791;30.0185;40.3024
1573142109324;29.6411;30.0678;40.2910
1573142109574;29.5946;30.0830;40.3224
1573142109824;29.6279;30.0926;40.2795
1573142110074;29.6583;30.1172;40.2245
1573142110324;29.7091;30.1940;40.0969
1573142110574;29.7311;30.2807;39.9882
1573142110824;29.7434;30.0283;40.2283
1573142111074;29.8184;29.7934;40.3882
1573142111324;29.9682;29.5933;40.4385
1573142111574;30.2579;29.4036;40.3385
1573142111824;30.8266;29.2316;39.9419
1573142112074;31.5347;29.1810;39.2843
1573142112324;32.3984;29.2568;38.3448
1573142112574;33.5063;29.4617;37.0320
1573142112824;34.7392;29.7430;35.5178
1573142113074;36.0267;30.0232;33.9501
1573142113324;35.8983;30.0057;34.0960
1573142113574;35.7657;30.0081;34.2262
1573142113824;33.7978;30.4811;35.7212
1573142114074;31.3770;31.7039;36.9191
1573142114324;29.0532;33.6582;37.2885
1573142114574;26.9143;36.3401;36.7456
1573142114824;25.1542;39.3330;35.5129
1573142115074;23.5080;42.7178;33.7741
1573142115324;21.7664;46.4581;31.7755
1573142115574;20.9452;48.1689;30.8859
1573142115824;20.1258;49.7650;30.1092
1573142116074;19.2020;51.3419;29.4561
1573142116324;18.2955;52.6771;29.0274
1573142116574;17.4399;53.8193;28.7408
1573142116824;16.3993;55.1720;28.4286
1573142117074;15.4962;56.4228;28.0810
1573142117324;14.7211;57.6821;27.5968
1573142117574;14.0862;58.9409;26.9729
1573142117824;13.6157;60.0651;26.3192
1573142118074;12.9867;61.6070;25.4062
1573142118324;12.4292;62.6851;24.8857
1573142118574;11.9351;63.2605;24.8044
1573142118824;11.5153;63.4129;25.0718
1573142119074;11.2243;63.3476;25.4281
1573142119324;11.0346;63.2629;25.7025
1573142119574;10.9671;63.2818;25.7512
1573142119824;11.0185;63.4364;25.5451
1573142120074;11.1690;63.6407;25.1903
1573142120324;11.3814;63.7356;24.8831
1573142120574;11.6023;63.5612;24.8365
1573142120824;11.8109;63.0189;25.1701
1573142121074;11.9102;62.6191;25.4708
1573142121324;12.0187;62.1876;25.7937
1573142121574;12.1512;61.8042;26.0445
1573142121824;12.3273;61.5634;26.1094
1573142122074;12.5659;61.5475;25.8866
1573142122324;13.1917;61.9571;24.8512
1573142122574;13.9529;62.6976;23.3495
1573142122824;14.5201;63.3600;22.1198
1573142123074;15.1638;64.1395;20.6967
1573142123324;15.8485;64.8472;19.3043
1573142123574;17.0193;65.4726;17.5082
1573142123824;18.0424;65.0736;16.8839
1573142124074;18.8698;63.6266;17.5036
1573142124324;19.2676;62.4094;18.3230
1573142124574;19.6697;61.0213;19.3090
1573142124824;20.1296;59.6231;20.2473
1573142125074;20.6933;58.3294;20.9774
1573142125324;21.3909;57.1905;21.4185
1573142125574;22.2329;56.1940;21.5731
1573142125824;23.9122;54.4857;21.6022
1573142126074;25.6943;52.6013;21.7044
1573142126324;27.5113;50.4606;22.0281
1573142126574;29.3076;48.0618;22.6306
1573142126824;30.5518;46.3148;23.1335
1573142127074;31.8530;44.5721;23.5749
1573142127324;33.1236;43.0449;23.8316
1573142127574;34.5022;41.6256;23.8721
1573142127824;35.9938;40.3310;23.6752
1573142128074;38.3536;38.5089;23.1375
1573142128324;40.6776;36.8041;22.5183
1573142128574;42.8992;35.2378;21.8630
1573142128824;44.9320;33.8754;21.1926
1573142129074;46.8140;32.7173;20.4687
1573142129324;48.3759;31.8945;19.7296
1573142129574;49.1990;31.5764;19.2246
1573142129824;50.0764;31.3448;18.5788
1573142130074;49.8739;31.3839;18.7422
1573142130324;49.6580;31.4252;18.9168
1573142130574;49.4516;31.4841;19.0643
1573142130824;49.2747;31.5745;19.1508
1573142131074;49.1392;31.7043;19.1565
1573142131324;49.0447;31.8734;19.0818
1573142131574;48.8746;32.3616;18.7637
1573142131824;48.9562;32.0641;18.9797
1573142132074;49.0419;31.7717;19.1864
1573142132324;49.1624;31.5076;19.3300
1573142132574;49.3366;31.2873;19.3761
1573142132824;48.2795;31.9864;19.7340
1573142133074;49.1306;31.6400;19.2294
1573142133324;49.9517;31.3534;18.6949
1573142133574;50.6428;31.0806;18.2766
1573142133824;49.8565;31.4678;18.6756
1573142134074;49.1653;31.8819;18.9529
1573142134324;49.1400;31.9050;18.9551
1573142134574;49.1272;31.9298;18.9430
1573142134824;49.1246;31.9545;18.9209
1573142135074;49.1285;31.9765;18.8949
1573142135324;49.1604;32.0655;18.7741
1573142135574;49.1900;32.3035;18.5065
1573142135824;48.9973;32.3551;18.6476
1573142136074;48.7785;32.2881;18.9334
1573142136324;48.5283;32.1553;19.3164
1573142136574;48.2102;31.9444;19.8455
1573142136824;47.9176;31.7240;20.3584
1573142137074;47.6758;31.5177;20.8065
1573142137324;47.7236;31.6253;20.6511
1573142137574;47.6107;31.7076;20.6817
1573142137824;47.3681;31.7785;20.8534
1573142138074;46.9860;31.8695;21.1446
1573142138324;46.5472;31.9932;21.4596
1573142138574;46.1644;32.1436;21.6920
1573142138824;45.7711;32.3647;21.8642
1573142139074;45.4104;32.6455;21.9442
1573142139324;45.1858;32.8818;21.9324
1573142139574;45.1203;32.9752;21.9045
1573142139824;45.0656;33.0758;21.8586
1573142140074;45.0372;33.1342;21.8286
1573142140324;44.9394;33.3152;21.7454
1573142140574;44.8229;33.4777;21.6994
1573142140824;44.5826;33.7132;21.7042
1573142141074;44.3027;33.9119;21.7853
1573142141324;43.7611;34.2212;22.0177
1573142141574;43.2183;34.5253;22.2564
1573142141824;42.7408;34.8728;22.3864
1573142142074;42.3816;35.3047;22.3138
1573142142324;42.1671;35.8425;21.9904
1573142142574;41.9731;36.9661;21.0608
1573142142824;41.9064;37.8734;20.2202
1573142143074;41.8729;38.7846;19.3425
1573142143324;41.7948;39.6119;18.5934
1573142143574;41.5248;40.4718;18.0034
1573142143824;41.0389;41.0382;17.9229
1573142144074;40.8030;41.1691;18.0279
1573142144324;40.5886;41.2450;18.1664
1573142144574;40.4121;41.3082;18.2797
1573142144824;40.3342;41.3834;18.2825
1573142145074;40.3724;41.4891;18.1385
1573142145324;40.6222;41.7333;17.6445
1573142145574;40.9390;41.9342;17.1268
1573142145824;41.2383;42.0138;16.7479
1573142146074;41.4206;41.9122;16.6673
1573142146324;41.4722;41.6003;16.9276
1573142146574;41.3775;41.0814;17.5411
1573142146824;41.3647;41.0225;17.6128
1573142147074;41.3590;40.9602;17.6807
1573142147324;41.3663;40.9020;17.7318
1573142147574;41.3663;40.9020;17.7318
1573142147824;41.3663;40.9020;17.7318
1573142148074;42.3000;40.5620;17.1380
1573142148324;43.2657;40.2991;16.4352
1573142148574;44.0938;40.1217;15.7844
1573142148824;44.7316;40.0269;15.2415
1573142149074;45.0142;40.0370;14.9488
1573142149324;45.3277;40.1181;14.5542
1573142149574;45.7025;40.2719;14.0257
1573142149824;46.0793;40.4594;13.4613
1573142150074;46.4330;40.6420;12.9250
1573142150324;46.7416;40.7781;12.4803
1573142150574;46.9544;40.8101;12.2354
1573142150824;47.0490;40.6986;12.2524
1573142151074;47.0289;40.4438;12.5273
1573142151324;47.0159;40.3579;12.6262
1573142151574;47.0108;40.2422;12.7470
1573142151824;47.0226;40.1063;12.8711
1573142152074;47.0602;39.9565;12.9833
1573142152324;47.1719;39.7012;13.1269
1573142152574;47.8582;38.3317;13.8101
1573142152824;48.5629;36.8055;14.6316
1573142153074;49.2905;35.2625;15.4471
1573142153324;50.0924;33.7691;16.1385
1573142153574;51.0031;32.3764;16.6205
1573142153824;51.4240;31.9385;16.6375
1573142154074;51.9870;31.5620;16.4511
1573142154324;52.6548;31.2334;16.1118
1573142154574;53.3748;30.9339;15.6912
1573142154824;54.0901;30.6458;15.2641
1573142155074;54.7506;30.3585;14.8909
1573142155324;55.3215;30.0713;14.6072
1573142155574;56.0993;29.5709;14.3298
1573142155824;56.3304;29.3801;14.2895
1573142156074;56.5051;29.2214;14.2735
1573142156324;56.7080;28.9729;14.3191
1573142156574;56.7030;28.8028;14.4942
1573142156824;56.4859;28.7061;14.8080
1573142157074;56.1738;28.6816;15.1446
1573142157324;56.1004;28.6854;15.2141
1573142157574;56.0256;28.6970;15.2774
1573142157824;55.9331;28.7204;15.3465
1573142158074;55.8495;28.7515;15.3990
1573142158324;55.6232;28.8660;15.5108
1573142158574;55.4387;28.9885;15.5728
1573142158824;55.2954;29.1240;15.5806
1573142159074;55.1991;29.2661;15.5349
1573142159324;55.0121;29.5720;15.4159
1573142159574;54.7632;29.8439;15.3929
1573142159824;54.4405;30.0629;15.4966
1573142160074;53.9609;30.2449;15.7942
1573142160324;53.3759;30.3627;16.2614
1573142160574;52.6314;30.4506;16.9180
1573142160824;51.8419;30.5377;17.6204
1573142161074;51.0740;30.6760;18.2500
1573142161324;50.5214;30.8752;18.6035
1573142161574;50.0929;31.1879;18.7192
1573142161824;49.5536;31.7889;18.6575
1573142162074;48.7541;32.6683;18.5776
1573142162324;47.6451;33.6965;18.6583
1573142162574;46.2651;34.8023;18.9325
1573142162824;45.3460;35.5468;19.1072
1573142163074;44.4119;36.4063;19.1818
1573142163324;43.3812;37.4693;19.1496
1573142163574;42.3196;38.6733;19.0071
1573142163824;41.2954;39.9451;18.7595
1573142164074;40.2502;41.3496;18.4002
1573142164324;39.1759;42.8718;17.9523
1573142164574;38.0620;44.4864;17.4516
1573142164824;36.8975;46.1591;16.9434
1573142165074;35.6735;47.8479;16.4785
1573142165324;35.2156;48.4770;16.3073
1573142165574;34.7642;49.1104;16.1255
1573142165824;34.3091;49.7269;15.9640
1573142166074;33.8349;50.3106;15.8545
1573142166324;33.3396;50.8352;15.8252
1573142166574;32.8220;51.2900;15.8879
1573142166824;32.4253;51.5802;15.9946
1573142167074;31.9884;51.8559;16.1556
1573142167324;31.3641;52.2113;16.4246
1573142167574;30.7616;52.5443;16.6941
1573142167824;30.1948;52.8803;16.9249
1573142168074;29.7547;53.1834;17.0619
1573142168324;28.5382;54.0837;17.3781
1573142168574;27.3141;54.9458;17.7401
1573142168824;26.2475;55.6700;18.0825
1573142169074;25.1936;56.3781;18.4283
1573142169324;24.1768;57.0683;18.7549
1573142169574;22.6896;58.0452;19.2652
1573142169824;21.1888;58.9707;19.8405
1573142170074;19.7061;59.8949;20.3991
1573142170324;18.2685;60.8698;20.8617
1573142170574;16.6496;62.0629;21.2875
1573142170824;15.0828;63.2691;21.6481
1573142171074;13.5758;64.4435;21.9807
1573142171324;12.1338;65.5111;22.3550
1573142171574;10.8643;66.3479;22.7878
1573142171824;9.86168;66.9313;23.2070
1573142172074;8.94125;67.3967;23.6621
1573142172324;8.10655;67.7293;24.1641
1573142172574;7.36260;67.9300;24.7074
1573142172824;6.71457;68.0056;25.2798
1573142173074;6.04907;67.8719;26.0790
1573142173324;5.51411;67.4139;27.0720
1573142173574;5.12320;66.5886;28.2882
1573142173824;4.89117;65.3477;29.7612
1573142174074;4.83493;63.6550;31.5100
1573142174324;4.95106;61.8539;33.1950
1573142174574;5.24679;59.8144;34.9388
1573142174824;5.74708;57.6096;36.6434
1573142175074;6.47820;55.3625;38.1593
1573142175324;7.48948;53.1539;39.3566
1573142175574;8.95917;50.8413;40.1995
1573142175824;10.8728;48.6068;40.5204
1573142176074;13.2800;46.4082;40.3118
1573142176324;16.0980;44.1981;39.7039
1573142176574;18.5505;42.3884;39.0611
1573142176824;21.1100;40.4184;38.4715
1573142177074;23.9681;37.7984;38.2336
1573142177324;24.5177;37.2095;38.2729
1573142177574;25.0307;36.6234;38.3459
1573142177824;25.3872;36.2034;38.4094
1573142178074;25.2959;36.3042;38.3999
1573142178324;25.2018;36.3919;38.4063
1573142178574;24.7543;36.7130;38.5327
1573142178824;24.5802;36.8047;38.6150
1573142179074;24.4038;36.8751;38.7210
1573142179324;23.9669;37.0160;39.0171
1573142179574;23.5455;37.1433;39.3112
1573142179824;23.1522;37.2785;39.5693
1573142180074;22.7205;37.4657;39.8137
1573142180324;22.3276;37.6809;39.9915
1573142180574;22.0156;37.8849;40.0995
1573142180824;21.7237;38.0922;40.1842
1573142181074;21.4420;38.2861;40.2720
1573142181324;NaN;NaN;NaN
1573142181574;NaN;NaN;NaN
1573142181824;NaN;NaN;NaN
1573142182074;NaN;NaN;NaN
1573142182324;NaN;NaN;NaN
1573142182574;NaN;NaN;NaN
1573142182824;NaN;NaN;NaN
1573142183074;NaN;NaN;NaN
1573142183324;NaN;NaN;NaN
1573142183574;NaN;NaN;NaN
1573142183824;NaN;NaN;NaN
1573142184074;NaN;NaN;NaN
1573142184324;NaN;NaN;NaN
1573142184574;NaN;NaN;NaN
1573142184824;NaN;NaN;NaN
1573142185074;NaN;NaN;NaN
1573142185324;NaN;NaN;NaN
1573142185574;NaN;NaN;NaN
1573142185824;NaN;NaN;NaN
1573142186074;NaN;NaN;NaN
1573142186324;NaN;NaN;NaN
1573142186574;NaN;NaN;NaN
1573142186824;NaN;NaN;NaN
1573142187074;NaN;NaN;NaN
1573142187324;NaN;NaN;NaN
1573142187574;NaN;NaN;NaN
1573142187824;NaN;NaN;NaN
1573142188074;NaN;NaN;NaN
1573142188324;NaN;NaN;NaN
1573142188574;NaN;NaN;NaN
1573142188824;NaN;NaN;NaN
1573142189074;NaN;NaN;NaN
1573142189324;NaN;NaN;NaN
1573142189574;NaN;NaN;NaN
1573142189824;NaN;NaN;NaN
1573142190074;NaN;NaN;NaN
1573142190324;NaN;NaN;NaN
1573142190574;NaN;NaN;NaN
1573142190824;NaN;NaN;NaN
1573142191074;NaN;NaN;NaN
1573142191324;NaN;NaN;NaN
1573142191574;NaN;NaN;NaN
1573142191824;NaN;NaN;NaN
1573142192074;NaN;NaN;NaN
1573142192324;NaN;NaN;NaN
1573142192574;NaN;NaN;NaN
1573142192824;NaN;NaN;NaN
1573142193074;NaN;NaN;NaN
1573142193324;NaN;NaN;NaN
1573142193574;NaN;NaN;NaN
1573142193824;NaN;NaN;NaN
1573142194074;NaN;NaN;NaN
1573142194324;NaN;NaN;NaN
1573142194574;NaN;NaN;NaN
1573142194824;NaN;NaN;NaN
1573142195074;NaN;NaN;NaN
1573142195324;NaN;NaN;NaN
1573142195574;NaN;NaN;NaN
1573142195824;NaN;NaN;NaN
1573142196074;NaN;NaN;NaN
1573142196324;NaN;NaN;NaN
1573142196574;NaN;NaN;NaN
1573142196824;NaN;NaN;NaN
1573142197074;NaN;NaN;NaN
1573142197324;NaN;NaN;NaN
1573142197574;NaN;NaN;NaN
1573142197824;NaN;NaN;NaN
1573142198074;NaN;NaN;NaN
1573142198324;NaN;NaN;NaN
1573142198574;NaN;NaN;NaN
1573142198824;NaN;NaN;NaN
1573142199074;NaN;NaN;NaN
1573142199324;NaN;NaN;NaN
1573142199574;7.92899;28.0128;64.0582
1573142199824;7.92899;28.0128;64.0582
1573142200074;8.22879;28.7716;62.9996
1573142200324;8.68978;30.0560;61.2542
1573142200574;9.35803;31.9169;58.7251
1573142200824;10.2496;34.3499;55.4006
1573142201074;11.1285;36.6765;52.1950
1573142201324;12.3294;39.7330;47.9376
1573142201574;13.8286;43.3466;42.8248
1573142201824;15.5780;47.2578;37.1642
1573142202074;17.4709;51.0622;31.4669
1573142202324;19.3840;54.3494;26.2665
1573142202574;21.2656;56.8789;21.8554
1573142202824;22.9576;58.3774;18.6650
1573142203074;24.4743;58.9697;16.5560
1573142203324;25.8985;58.9128;15.1887
1573142203574;27.3036;58.4780;14.2183
1573142203824;28.7723;57.8701;13.3577
1573142204074;30.3569;57.1761;12.4671
1573142204324;32.0387;56.4001;11.5612
1573142204574;33.7746;55.4870;10.7385
1573142204824;35.4883;54.3829;10.1288
1573142205074;37.1455;53.0371;9.81735
1573142205324;38.7060;51.4628;9.83115
1573142205574;40.1966;49.6769;10.1265
1573142205824;41.5998;47.8211;10.5791
1573142206074;42.8746;46.1691;10.9563
1573142206324;44.2221;44.6184;11.1595
1573142206574;45.6567;43.1980;11.1453
1573142206824;47.1680;41.8988;10.9332
1573142207074;49.2981;40.0224;10.6795
1573142207324;50.9827;38.2078;10.8096
1573142207574;52.2500;36.5004;11.2497
1573142207824;53.1967;34.9695;11.8338
1573142208074;53.9679;33.6719;12.3602
1573142208324;54.7255;32.4284;12.8461
1573142208574;55.3488;31.5218;13.1294
1573142208824;55.9805;30.9345;13.0850
1573142209074;56.7003;30.6179;12.6818
1573142209324;57.5287;30.5013;11.9700
1573142209574;58.3923;30.5079;11.0998
1573142209824;59.4167;30.5528;10.0305
1573142210074;60.5255;30.5652;8.90930
1573142210324;61.6476;30.4872;7.86525
1573142210574;62.7386;30.2811;6.98031
1573142210824;63.7801;29.9319;6.28804
1573142211074;64.7794;29.4435;5.77706
1573142211324;65.7585;28.8313;5.41022
1573142211574;66.7388;28.1145;5.14667
1573142211824;67.7315;27.3113;4.95723
1573142212074;68.7349;26.4336;4.83153
1573142212324;69.7307;25.4942;4.77507
1573142212574;70.6548;24.5766;4.76852
1573142212824;71.5919;23.6169;4.79125
1573142213074;72.5216;22.6280;4.85035
1573142213324;73.4312;21.6271;4.94169
1573142213574;74.3180;20.6315;5.05048
1573142213824;75.2957;19.4160;5.28821
1573142214074;76.0269;18.2998;5.67324
1573142214324;76.5685;17.3103;6.12116
1573142214574;76.9884;16.4651;6.54643
1573142214824;77.3490;15.7727;6.87827
1573142215074;77.6607;15.4639;6.87540
1573142215324;78.2204;15.1727;6.60688
1573142215574;78.9840;14.8853;6.13072
1573142215824;79.8804;14.5847;5.53490
1573142216074;80.8274;14.2543;4.91837
1573142216324;82.2608;13.6319;4.10732
1573142216574;83.1813;13.0057;3.81293
1573142216824;83.6244;12.3906;3.98502
1573142217074;83.7188;11.8099;4.47135
1573142217324;83.7027;11.3495;4.94786
1573142217574;83.7690;10.9231;5.30789
1573142217824;83.9881;10.5358;5.47609
1573142218074;84.3709;10.1834;5.44575
1573142218324;84.8535;9.88299;5.26355
1573142218574;85.4309;9.58353;4.98555
1573142218824;86.0180;9.27737;4.70464
1573142219074;86.5434;8.95912;4.49747
1573142219324;86.9795;8.59928;4.42119
1573142219574;87.2308;8.25005;4.51915
1573142219824;87.3410;7.92138;4.73760
1573142220074;87.3773;7.62502;4.99773
1573142220324;87.4061;7.37015;5.22376
1573142220574;87.4733;7.16346;5.36321
1573142220824;87.5945;7.00734;5.39815
1573142221074;87.7651;6.90406;5.33089
1573142221324;87.9843;6.83150;5.18424
1573142221574;88.2077;6.78579;5.00651
1573142221824;88.3961;6.76286;4.84101
1573142222074;88.5195;6.76244;4.71807
1573142222324;88.5571;6.78603;4.65683
1573142222574;88.5301;6.83194;4.63800
1573142222824;88.4706;6.89873;4.63068
1573142223074;88.4098;6.98470;4.60547
1573142223324;88.3100;7.11720;4.57279
1573142223574;88.1438;7.29011;4.56610
1573142223824;87.9200;7.49753;4.58249
1573142224074;87.7335;7.68491;4.58154
1573142224324;87.5945;7.86816;4.53734
1573142224574;87.4937;8.04307;4.46327
1573142224824;87.4181;8.20642;4.37549
1573142225074;87.3559;8.35511;4.28900
1573142225324;87.2981;8.48750;4.21437
1573142225574;87.3046;8.55843;4.13692
1573142225824;87.3978;8.59413;4.00805
1573142226074;87.5538;8.59373;3.85247
1573142226324;87.7547;8.55848;3.68678
1573142226574;87.9697;8.48999;3.54031
1573142226824;88.1705;8.39126;3.43827
1573142227074;88.3381;8.26672;3.39515
1573142227324;88.3920;8.04486;3.56316
1573142227574;88.0416;7.89259;4.06584
1573142227824;87.3882;7.82805;4.78375
1573142228074;86.5675;7.86557;5.56694
1573142228324;85.7136;8.01422;6.27216
1573142228574;84.8225;8.30852;6.86898
1573142228824;83.9989;8.73897;7.26215
1573142229074;83.2627;9.29401;7.44325
1573142229324;82.6027;9.95479;7.44256
1573142229574;81.9909;10.6972;7.31195
1573142229824;81.3972;11.4967;7.10618
1573142230074;80.8049;12.3265;6.86859
1573142230324;80.2135;13.1640;6.62248
1573142230574;79.8891;13.7267;6.38426
1573142230824;79.7347;14.2410;6.02437
1573142231074;79.7323;14.6958;5.57192
1573142231324;79.8464;15.0791;5.07445
1573142231574;80.0295;15.3775;4.59304
1573142231824;80.2317;15.5796;4.18864
1573142232074;80.4114;15.6781;3.91047
1573142232324;80.5444;15.6720;3.78363
1573142232574;80.6278;15.5680;3.80412
1573142232824;80.6772;15.3790;3.94382
1573142233074;80.7183;15.1218;4.15988
1573142233324;80.7782;14.8151;4.40670
1573142233574;80.8757;14.4761;4.64823
1573142233824;81.0159;14.1204;4.86370
1573142234074;81.1906;13.7595;5.04996
1573142234324;81.3765;13.3569;5.26657
1573142234574;81.4951;12.9837;5.52113
1573142234824;81.5404;12.6505;5.80909
1573142235074;81.5234;12.3677;6.10891
1573142235324;81.4708;12.1445;6.38471
1573142235574;81.4172;11.9873;6.59547
1573142235824;81.3104;11.8932;6.79647
1573142236074;81.1226;11.9164;6.96105
1573142236324;80.8910;12.0493;7.05973
1573142236574;80.6449;12.2790;7.07614
1573142236824;80.4030;12.5880;7.00899
1573142237074;80.3784;12.7607;6.86087
1573142237324;80.5393;12.9126;6.54808
1573142237574;80.8505;13.0293;6.12024
1573142237824;81.2522;13.0919;5.65589
1573142238074;81.7062;13.0896;5.20418
1573142238324;82.1662;13.0111;4.82268
1573142238574;82.5977;12.8501;4.55219
1573142238824;82.9832;12.6064;4.41038
1573142239074;83.4527;11.9913;4.55596
1573142239324;83.4187;11.3367;5.24461
1573142239574;83.0030;10.6868;6.31018
1573142239824;82.3721;10.0857;7.54218
1573142240074;81.6858;9.56904;8.74519
1573142240324;81.0637;9.16238;9.77394
1573142240574;80.5707;8.88131;10.5480
1573142240824;80.2177;8.73172;11.0506
1573142241074;79.9719;8.71229;11.3158
1573142241324;79.8686;8.78452;11.3469
1573142241574;79.8702;8.92173;11.2080
1573142241824;79.9214;9.11378;10.9648
1573142242074;79.9780;9.35003;10.6720
1573142242324;80.0141;9.61954;10.3664
1573142242574;80.0231;9.91255;10.0643
1573142242824;80.0856;10.0900;9.82430
1573142243074;80.2745;10.2353;9.49023
1573142243324;80.5725;10.3402;9.08733
1573142243574;80.9469;10.3962;8.65693
1573142243824;81.4542;10.4117;8.13410
1573142244074;81.7970;10.3714;7.83165
1573142244324;81.9483;10.2719;7.77978
1573142244574;81.9223;10.1169;7.96078
1573142244824;81.7662;9.91643;8.31733
1573142245074;81.4565;9.65836;8.88515
1573142245324;81.0486;9.40716;9.54425
1573142245574;80.6140;9.18012;10.2059
1573142245824;80.1990;8.99229;10.8087
1573142246074;79.8213;8.85579;11.3229
1573142246324;79.4548;8.77911;11.7661
1573142246574;79.0712;8.77375;12.1551
1573142246824;78.6399;8.84551;12.5146
1573142247074;78.1432;8.99921;12.8576
1573142247324;77.5796;9.23985;13.1806
1573142247574;76.9635;9.57267;13.4639
1573142247824;76.3218;10.0011;13.6770
1573142248074;75.6820;10.5270;13.7910
1573142248324;75.0620;11.1493;13.7887
1573142248574;74.4664;11.8623;13.6713
1573142248824;74.1451;12.3902;13.4647
1573142249074;73.9690;12.9240;13.1070
1573142249324;73.8916;13.4519;12.6565
1573142249574;73.8567;13.9578;12.1855
1573142249824;73.8106;14.4254;11.7640
1573142250074;73.4753;15.1293;11.3954
1573142250324;72.6847;15.8126;11.5027
1573142250574;71.5139;16.4709;12.0151
1573142250824;70.0982;17.1173;12.7844
1573142251074;68.5903;17.7725;13.6372
1573142251324;67.1111;18.4593;14.4296
1573142251574;65.7268;19.1950;15.0783
1573142251824;64.4524;19.9825;15.5652
1573142252074;63.2561;20.8143;15.9296
1573142252324;62.0819;21.6742;16.2439
1573142252574;61.4919;22.1612;16.3469
1573142252824;61.0572;22.6169;16.3259
1573142253074;60.7306;23.0329;16.2365
1573142253324;60.4664;23.3985;16.1351
1573142253574;60.2237;23.7069;16.0694
1573142253824;59.9698;23.9562;16.0740
1573142254074;59.6826;24.1493;16.1682
1573142254324;59.3488;24.2942;16.3570
1573142254574;58.7895;24.4397;16.7709
1573142254824;58.0475;24.5694;17.3831
1573142255074;57.1513;24.7115;18.1372
1573142255324;56.1405;24.8986;18.9608
1573142255574;55.0651;25.1624;19.7725
1573142255824;53.5379;25.6463;20.8158
1573142256074;51.8327;26.3063;21.8610
1573142256324;50.0135;27.1628;22.8238
1573142256574;48.1437;28.2225;23.6338
1573142256824;46.2620;29.4823;24.2558
1573142257074;44.4765;30.8650;24.6585
1573142257324;42.7315;32.3806;24.8879
1573142257574;41.0087;33.9777;25.0136
1573142257824;39.2892;35.5896;25.1212
1573142258074;37.5611;37.1455;25.2934
1573142258324;35.8211;38.5841;25.5948
1573142258574;34.0855;39.8532;26.0613
1573142258824;32.3683;40.9249;26.7068
1573142259074;31.1341;41.6036;27.2623
1573142259324;30.0405;42.1446;27.8149
1573142259574;29.0618;42.5091;28.4291
1573142259824;28.1546;42.6304;29.2149
1573142260074;27.2647;42.4249;30.3105
1573142260324;25.9696;41.5630;32.4675
1573142260574;24.4366;40.0030;35.5605
1573142260824;22.7039;37.8295;39.4666
1573142261074;20.8739;35.2657;43.8604
1573142261324;19.0755;32.6107;48.3138
1573142261574;17.3760;30.0985;52.5255
1573142261824;15.8873;28.0433;56.0694
1573142262074;14.6327;26.6370;58.7303
1573142262324;13.5911;26.0262;60.3827
1573142262574;12.6991;26.3108;60.9901
1573142262824;11.8636;27.5042;60.6323
1573142263074;10.9745;29.4608;59.5647
1573142263324;9.97185;31.7949;58.2332
1573142263574;8.89359;33.9923;57.1141
1573142263824;8.65959;34.4200;56.9204
1573142264074;8.42573;34.8529;56.7214
1573142264324;8.19678;35.3023;56.5009
1573142264574;8.00655;35.7224;56.2710
1573142264824;7.85933;36.1144;56.0263
1573142265074;7.81343;36.2775;55.9091
1573142265324;7.78649;36.4202;55.7933
1573142265574;7.77524;36.5207;55.7040
1573142265824;7.77472;36.5493;55.6760
1573142266074;7.77887;36.4812;55.7399
1573142266324;7.78227;36.2914;55.9263
1573142266574;7.78102;36.0307;56.1883
1573142266824;7.76806;35.3451;56.8869
1573142267074;7.74444;34.4635;57.7921
1573142267324;7.71503;33.4730;58.8119
1573142267574;7.68410;32.3836;59.9323
1573142267824;7.65736;31.2465;61.0961
1573142268074;7.63997;30.1444;62.2156
1573142268324;7.63352;29.0767;63.2898
1573142268574;7.63822;28.0693;64.2925
1573142268824;7.65235;27.1485;65.1992
1573142269074;7.67352;26.3212;66.0053
1573142269324;7.69941;25.6021;66.6985
1573142269574;7.72568;25.0659;67.2084
1573142269824;7.77534;24.3633;67.8614
1573142270074;7.84333;23.7969;68.3597
1573142270324;7.92120;23.5466;68.5322
1573142270574;8.00990;23.6229;68.3672
1573142270824;8.10685;24.0101;67.8831
1573142271074;8.11380;24.0554;67.8308
1573142271324;8.11993;24.1126;67.7675
1573142271574;8.10382;23.8633;68.0329
1573142271824;8.10143;23.6209;68.2777
1573142272074;8.11687;23.4063;68.4768
1573142272324;8.22002;22.8926;68.8874
1573142272574;8.37717;22.5171;69.1057
1573142272824;8.37292;22.5226;69.1045
1573142273074;8.36802;22.5265;69.1055
1573142273324;8.36283;22.5298;69.1074
1573142273574;8.23306;22.6159;69.1510
1573142273824;8.10756;22.7225;69.1700
1573142274074;8.09788;22.7327;69.1694
1573142274324;8.08836;22.7443;69.1673
1573142274574;8.07864;22.7566;69.1647
1573142274824;8.06841;22.7692;69.1624
1573142275074;8.05757;22.7820;69.1605
1573142275324;8.04623;22.7958;69.1580
1573142275574;8.29618;22.4569;69.2469
1573142275824;8.54061;22.0694;69.3900
1573142276074;8.77591;21.6361;69.5880
1573142276324;9.00876;21.1845;69.8067
1573142276574;9.18906;20.8741;69.9368
1573142276824;9.39917;20.6144;69.9864
1573142277074;9.65585;20.4383;69.9059
1573142277324;9.97106;20.3649;69.6640
1573142277574;10.3482;20.3946;69.2572
1573142277824;10.7859;20.5086;68.7055
1573142278074;11.2578;20.6661;68.0760
1573142278324;11.7335;20.8159;67.4506
1573142278574;12.1797;20.9089;66.9114
1573142278824;12.5709;20.9150;66.5141
1573142279074;11.9262;21.1052;66.9687
1573142279324;11.7884;21.1897;67.0219
1573142279574;11.6548;21.2957;67.0495
1573142279824;11.5157;21.4035;67.0808
1573142280074;11.3624;21.4941;67.1435
1573142280324;11.2715;21.5258;67.2026
1573142280574;11.1709;21.5397;67.2894
1573142280824;11.0631;21.5395;67.3974
1573142281074;10.9525;21.5334;67.5141
1573142281324;10.4493;21.5283;68.0223
1573142281574;9.97708;21.5945;68.4284
1573142281824;9.32989;21.8519;68.8182
1573142282074;8.75169;22.2913;68.9570
1573142282324;8.08347;23.0931;68.8234
1573142282574;7.48315;24.0939;68.4229
1573142282824;6.93918;25.2369;67.8239
1573142283074;6.44539;26.4612;67.0934
1573142283324;5.98885;27.7564;66.2547
1573142283574;5.59188;29.0556;65.3525
1573142283824;5.26309;30.3570;64.3800
1573142284074;5.00986;31.6765;63.3136
1573142284324;4.83640;33.0330;62.1306
1573142284574;4.75762;34.1928;61.0495
1573142284824;4.73890;35.3855;59.8756
1573142285074;4.78654;36.8428;58.3707
1573142285324;4.89949;38.2000;56.9005
1573142285574;5.06939;39.3744;55.5562
1573142285824;5.28865;40.2947;54.4167
1573142286074;5.52623;40.8618;53.6120
1573142286324;5.79906;41.1522;53.0488
1573142286574;5.77407;41.1470;53.0789
1573142286824;5.74723;41.1574;53.0953
1573142287074;5.71915;41.1863;53.0945
1573142287324;5.55903;41.4709;52.9700
1573142287574;5.60799;41.3337;53.0583
1573142287824;5.65469;41.1401;53.2052
1573142288074;5.82421;40.1845;53.9912
1573142288324;5.98765;39.0626;54.9498
1573142288574;6.15187;37.8682;55.9800
1573142288824;6.39745;36.2506;57.3520
1573142289074;6.67834;34.8101;58.5116
1573142289324;7.01108;33.6465;59.3425
1573142289574;7.74522;32.0928;60.1620
1573142289824;8.62107;31.1273;60.2516
1573142290074;9.69118;30.7109;59.5979
1573142290324;11.0020;30.8435;58.1546
1573142290574;12.3663;31.4522;56.1815
1573142290824;13.6889;32.3890;53.9221
1573142291074;14.8814;33.5001;51.6185
1573142291324;15.1088;33.7577;51.1336
1573142291574;15.2538;33.9427;50.8035
1573142291824;15.3962;34.1346;50.4692
1573142292074;15.5335;34.3179;50.1486
1573142292324;15.6618;34.4748;49.8634
1573142292574;15.6493;34.4625;49.8883
1573142292824;15.6191;34.4452;49.9357
1573142293074;15.5926;34.4456;49.9618
1573142293324;15.5693;34.4642;49.9665
1573142293574;15.5480;34.4987;49.9533
1573142293824;15.5271;34.5455;49.9275
1573142294074;15.5047;34.5997;49.8957
1573142294324;15.4793;34.6569;49.8639
1573142294574;15.4738;34.6675;49.8586
1573142294824;15.4678;34.6778;49.8544
1573142295074;15.4613;34.6877;49.8510
1573142295324;15.4547;34.6975;49.8479
1573142295574;15.3365;34.8770;49.7866
1573142295824;15.2272;35.0604;49.7124
1573142296074;15.1319;35.2508;49.6172
1573142296324;15.0566;35.4408;49.5026
1573142296574;14.9987;35.6333;49.3680
1573142296824;14.9574;35.8213;49.2213
1573142297074;14.9060;36.1449;48.9491
1573142297324;14.8748;36.4234;48.7018
1573142297574;14.8617;36.6488;48.4895
1573142297824;14.8669;36.8216;48.3115
1573142298074;14.8939;36.9520;48.1541
1573142298324;14.9862;37.1353;47.8785
1573142298574;15.1245;37.2981;47.5774
1573142298824;15.3303;37.5007;47.1689
1573142299074;15.7263;37.8947;46.3790
1573142299324;16.2397;38.4372;45.3232
1573142299574;16.8778;39.1473;43.9749
1573142299824;18.0483;40.4726;41.4791
1573142300074;19.3031;41.8575;38.8394
1573142300324;20.5618;43.1345;36.3036
1573142300574;21.7235;44.1062;34.1703
1573142300824;22.6907;44.5986;32.7107
1573142301074;21.7516;44.4692;33.7792
1573142301324;20.6216;44.5930;34.7854
1573142301574;19.3700;45.1181;35.5119
1573142301824;18.0099;46.1922;35.7978
1573142302074;16.6241;47.8299;35.5460
1573142302324;15.6834;49.3136;35.0030
1573142302574;14.7465;51.0745;34.1791
1573142302824;13.7898;52.9318;33.2785
1573142303074;14.6400;51.2336;34.1264
1573142303324;15.5008;49.4637;35.0354
1573142303574;16.3963;47.7643;35.8394
1573142303824;17.3467;46.2340;36.4193
1573142304074;18.3607;44.9200;36.7194
1573142304324;19.4321;43.8255;36.7425
1573142304574;20.5398;42.9252;36.5350
1573142304824;21.6528;42.1819;36.1653
1573142305074;22.7366;41.5606;35.7028
1573142305324;23.1726;41.3504;35.4770
1573142305574;23.5951;41.1854;35.2195
1573142305824;23.9955;41.0506;34.9539
1573142306074;24.3637;40.9274;34.7090
1573142306324;24.5043;40.8726;34.6231
1573142306574;24.6270;40.8085;34.5644
1573142306824;24.0533;41.1877;34.7591
1573142307074;23.4895;41.6133;34.8972
1573142307324;22.9411;42.0984;34.9604
1573142307574;22.4060;42.6380;34.9560
1573142307824;21.8636;43.2177;34.9186
1573142308074;21.3120;43.7873;34.9007
1573142308324;20.7443;44.3087;34.9470
1573142308574;20.1649;44.7610;35.0741
1573142308824;19.5913;45.1514;35.2572
1573142309074;19.5661;45.1709;35.2630
1573142309324;19.5452;45.1951;35.2598
1573142309574;19.5291;45.2247;35.2462
1573142309824;19.5180;45.2592;35.2229
1573142310074;19.5108;45.2961;35.1931
1573142310324;19.5126;45.2817;35.2057
1573142310574;19.5567;44.3870;36.0564
1573142310824;19.5282;43.6119;36.8599
1573142311074;19.4696;43.0558;37.4746
1573142311324;19.3916;42.7188;37.8896
1573142311574;19.2996;42.6563;38.0440
1573142311824;19.1742;42.7954;38.0304
1573142312074;19.0210;42.9969;37.9821
1573142312324;NaN;NaN;NaN
1573142312574;NaN;NaN;NaN
1573142312824;NaN;NaN;NaN
1573142313074;NaN;NaN;NaN
1573142313324;NaN;NaN;NaN
1573142313574;NaN;NaN;NaN
1573142313824;NaN;NaN;NaN
1573142314074;NaN;NaN;NaN
1573142314324;NaN;NaN;NaN
1573142314574;NaN;NaN;NaN
1573142314824;NaN;NaN;NaN
1573142315074;NaN;NaN;NaN
1573142315324;NaN;NaN;NaN
1573142315574;NaN;NaN;NaN
1573142315824;NaN;NaN;NaN
1573142316074;NaN;NaN;NaN
1573142316324;NaN;NaN;NaN
1573142316574;NaN;NaN;NaN
1573142316824;NaN;NaN;NaN
1573142317074;NaN;NaN;NaN
1573142317324;NaN;NaN;NaN
1573142317574;NaN;NaN;NaN
1573142317824;NaN;NaN;NaN
1573142318074;NaN;NaN;NaN
1573142318324;NaN;NaN;NaN
1573142318574;NaN;NaN;NaN
1573142318824;NaN;NaN;NaN
1573142319074;NaN;NaN;NaN
1573142319324;NaN;NaN;NaN
1573142319574;NaN;NaN;NaN
1573142319824;NaN;NaN;NaN
1573142320074;NaN;NaN;NaN
1573142320324;NaN;NaN;NaN
1573142320574;NaN;NaN;NaN
1573142320824;NaN;NaN;NaN
1573142321074;NaN;NaN;NaN
1573142321324;NaN;NaN;NaN
1573142321574;NaN;NaN;NaN
1573142321824;NaN;NaN;NaN
1573142322074;NaN;NaN;NaN
1573142322324;NaN;NaN;NaN
1573142322574;NaN;NaN;NaN
1573142322824;NaN;NaN;NaN
1573142323074;NaN;NaN;NaN
1573142323324;NaN;NaN;NaN
1573142323574;NaN;NaN;NaN
1573142323824;NaN;NaN;NaN
1573142324074;NaN;NaN;NaN
1573142324324;NaN;NaN;NaN
1573142324574;NaN;NaN;NaN
1573142324824;NaN;NaN;NaN
1573142325074;NaN;NaN;NaN
1573142325324;NaN;NaN;NaN
1573142325574;NaN;NaN;NaN
1573142325824;NaN;NaN;NaN
1573142326074;NaN;NaN;NaN
1573142326324;NaN;NaN;NaN
1573142326574;NaN;NaN;NaN
1573142326824;NaN;NaN;NaN
1573142327074;NaN;NaN;NaN
1573142327324;NaN;NaN;NaN
1573142327574;NaN;NaN;NaN
1573142327824;NaN;NaN;NaN
1573142328074;NaN;NaN;NaN
1573142328324;NaN;NaN;NaN
1573142328574;NaN;NaN;NaN
1573142328824;NaN;NaN;NaN
1573142329074;NaN;NaN;NaN
1573142329324;NaN;NaN;NaN
1573142329574;NaN;NaN;NaN
1573142329824;NaN;NaN;NaN
1573142330074;NaN;NaN;NaN
1573142330324;NaN;NaN;NaN
1573142330574;NaN;NaN;NaN
1573142330824;NaN;NaN;NaN
1573142331074;NaN;NaN;NaN
1573142331324;NaN;NaN;NaN
1573142331574;NaN;NaN;NaN
1573142331824;NaN;NaN;NaN
1573142332074;NaN;NaN;NaN
1573142332324;NaN;NaN;NaN
1573142332574;NaN;NaN;NaN
1573142332824;NaN;NaN;NaN
1573142333074;NaN;NaN;NaN
1573142333324;NaN;NaN;NaN
1573142333574;NaN;NaN;NaN
1573142333824;NaN;NaN;NaN
1573142334074;NaN;NaN;NaN
1573142334324;NaN;NaN;NaN
1573142334574;NaN;NaN;NaN
1573142334824;NaN;NaN;NaN
1573142335074;NaN;NaN;NaN
1573142335324;NaN;NaN;NaN
1573142335574;NaN;NaN;NaN
1573142335824;7.96260;28.1569;63.8805
1573142336074;7.96260;28.1569;63.8805
1573142336324;8.24515;28.8446;62.9103
1573142336574;8.68280;30.0577;61.2595
1573142336824;9.35691;31.9316;58.7114
1573142337074;10.2708;34.4227;55.3064
1573142337324;11.4585;37.5569;50.9846
1573142337574;12.8742;41.1275;45.9983
1573142337824;14.4932;44.9709;40.5359
1573142338074;16.2617;48.8401;34.8982
1573142338324;17.9308;52.1154;29.9539
1573142338574;19.6570;55.0432;25.2998
1573142338824;21.3715;57.4095;21.2190
1573142339074;23.1092;59.1697;17.7211
1573142339324;24.7307;60.1664;15.1029
1573142339574;26.2658;60.5434;13.1908
1573142339824;27.7734;60.4808;11.7458
1573142340074;29.5081;59.9806;10.5113
1573142340324;31.1673;59.1250;9.70779
1573142340574;32.7793;58.0321;9.18856
1573142340824;34.3626;56.7671;8.87027
1573142341074;35.8937;55.4028;8.70355
1573142341324;37.4082;53.9429;8.64888
1573142341574;38.9021;52.4112;8.68678
1573142341824;40.2069;51.1010;8.69209
1573142342074;41.6019;49.8162;8.58182
1573142342324;43.0791;48.5516;8.36929
1573142342574;44.6123;47.3036;8.08410
1573142342824;46.2792;45.9463;7.77456
1573142343074;47.8983;44.5641;7.53765
1573142343324;49.4449;43.1619;7.39320
1573142343574;50.9663;41.6756;7.35805
1573142343824;52.3687;40.2030;7.42829
1573142344074;53.6762;38.7814;7.54239
1573142344324;54.7829;37.6561;7.56093
1573142344574;55.9700;36.6185;7.41149
1573142344824;57.2434;35.6591;7.09748
1573142345074;58.5869;34.7575;6.65568
1573142345324;60.0559;33.8125;6.13159
1573142345574;61.4724;32.8691;5.65847
1573142345824;62.8011;31.9094;5.28951
1573142346074;64.0073;30.9465;5.04621
1573142346324;65.1300;29.9629;4.90711
1573142346574;66.1895;28.9677;4.84281
1573142346824;67.1510;28.0565;4.79242
1573142347074;68.1501;27.1512;4.69876
1573142347324;69.1949;26.2511;4.55399
1573142347574;70.2166;25.4139;4.36943
1573142347824;71.2800;24.5682;4.15183
1573142348074;72.3500;23.7042;3.94581
1573142348324;73.4982;22.6939;3.80787
1573142348574;74.5027;21.6698;3.82756
1573142348824;75.3598;20.6490;3.99119
1573142349074;76.0973;19.6514;4.25129
1573142349324;76.7962;18.5959;4.60787
1573142349574;77.3917;17.6273;4.98101
1573142349824;77.9414;16.7603;5.29834
1573142350074;78.4604;16.0793;5.46029
1573142350324;79.0544;15.4790;5.46666
1573142350574;79.7031;14.9517;5.34514
1573142350824;80.3501;14.5062;5.14377
1573142351074;80.9962;14.1038;4.89998
1573142351324;81.6046;13.7348;4.66061
1573142351574;82.1543;13.3908;4.45482
1573142351824;82.6638;13.0365;4.29961
1573142352074;83.0505;12.7193;4.23024
1573142352324;83.3514;12.4392;4.20940
1573142352574;83.6098;12.2034;4.18684
1573142352824;83.8796;11.9947;4.12569
1573142353074;84.1694;11.8092;4.02137
1573142353324;84.4656;11.6525;3.88190
1573142353574;84.8011;11.4941;3.70479
1573142353824;85.1446;11.3283;3.52718
1573142354074;85.4697;11.1465;3.38389
1573142354324;85.7363;10.9554;3.30838
1573142354574;85.9414;10.7565;3.30209
1573142354824;86.0816;10.5396;3.37882
1573142355074;86.1290;10.3405;3.53049
1573142355324;86.1158;10.1673;3.71687
1573142355574;86.0715;10.0268;3.90170
1573142355824;86.0153;9.92432;4.06042
1573142356074;85.9549;9.86298;4.18215
1573142356324;85.9423;9.83768;4.22003
1573142356574;85.9959;9.82761;4.17646
1573142356824;86.0929;9.83180;4.07529
1573142357074;86.2080;9.84861;3.94341
1573142357324;86.3184;9.87651;3.80508
1573142357574;86.4079;9.91464;3.67748
1573142357824;86.4653;9.96352;3.57114
1573142358074;86.4862;10.0230;3.49074
1573142358324;86.4969;10.0797;3.42335
1573142358574;86.5237;10.1358;3.34054
1573142358824;86.5639;10.1907;3.24545
1573142359074;86.6098;10.2432;3.14704
1573142359324;86.6523;10.2917;3.05601
