HRV.time;HRV.x;HRV.y;HRV.z
1573142380660;23.3271;58.7607;17.9122
1573142380910;24.9844;59.4845;15.5311
1573142381160;26.5120;59.4545;14.0335
1573142381410;27.9639;58.8953;13.1407
1573142381660;29.4814;57.9539;12.5647
1573142381910;31.0237;56.8074;12.1689
1573142382160;32.6153;55.5424;11.8423
1573142382410;34.1057;54.3435;11.5508
1573142382660;35.6637;53.0715;11.2648
1573142382910;37.2470;51.6881;11.0650
1573142383160;38.7672;50.2274;11.0054
1573142383410;40.2499;48.6625;11.0876
1573142383660;41.6891;47.0270;11.2839
1573142383910;43.0912;45.3775;11.5313
1573142384160;44.7599;43.3278;11.9123
1573142384410;46.2821;41.3669;12.3510
1573142384660;47.6996;39.5614;12.7390
1573142384910;48.8634;38.2471;12.8895
1573142385160;50.1012;37.1037;12.7952
1573142385410;51.4020;36.1090;12.4890
1573142385660;52.7634;35.2093;12.0273
1573142385910;54.1215;34.3879;11.4906
1573142386160;55.4436;33.6180;10.9384
1573142386410;56.6415;32.9332;10.4252
1573142386660;57.8318;32.2608;9.90740
1573142386910;59.0118;31.5907;9.39741
1573142387160;60.1855;30.9106;8.90384
1573142387410;61.4687;30.1162;8.41509
1573142387660;62.6632;29.2909;8.04590
1573142387910;63.7695;28.4342;7.79630
1573142388160;64.8033;27.5413;7.65538
1573142388410;65.7704;26.6237;7.60592
1573142388660;66.6868;25.6936;7.61966
1573142388910;67.5742;24.7595;7.66633
1573142389160;68.4435;23.8384;7.71810
1573142389410;69.3122;22.9302;7.75754
1573142389660;70.1797;22.0395;7.78088
1573142389910;71.0052;21.2146;7.78026
1573142390160;71.8333;20.4097;7.75693
1573142390410;72.6467;19.6253;7.72799
1573142390660;73.4277;18.8643;7.70795
1573142390910;74.3223;17.8260;7.85163
1573142391160;74.8134;16.9185;8.26805
1573142391410;74.9969;16.1669;8.83616
1573142391660;75.0008;15.5898;9.40932
1573142391910;74.9488;15.1941;9.85711
1573142392160;75.0660;15.0530;9.88097
1573142392410;75.4580;14.9461;9.59591
1573142392660;76.0800;14.8572;9.06281
1573142392910;76.8506;14.7646;8.38481
1573142393160;77.9290;14.6120;7.45902
1573142393410;78.7935;14.4281;6.77839
1573142393660;79.3870;14.2010;6.41192
1573142393910;79.7243;13.9341;6.34153
1573142394160;79.8713;13.6224;6.50627
1573142394410;79.8939;13.3115;6.79455
1573142394660;79.9048;13.0180;7.07720
1573142394910;79.9807;12.7538;7.26550
1573142395160;80.1496;12.5216;7.32885
1573142395410;80.3890;12.3596;7.25141
1573142395660;80.7617;12.1853;7.05299
1573142395910;81.2005;11.9913;6.80815
1573142396160;81.6372;11.7721;6.59071
1573142396410;82.0201;11.5268;6.45304
1573142396660;82.3270;11.2595;6.41357
1573142396910;82.5626;10.9793;6.45806
1573142397160;82.7520;10.6975;6.55053
1573142397410;82.9062;10.3522;6.74155
1573142397660;82.9260;10.0720;7.00202
1573142397910;82.8535;9.86856;7.27793
1573142398160;82.7210;9.74844;7.53055
1573142398410;82.5497;9.71439;7.73591
1573142398660;82.4556;9.73903;7.80542
1573142398910;82.4479;9.79734;7.75473
1573142399160;82.5101;9.88454;7.60531
1573142399410;82.6181;9.99368;7.38822
1573142399660;82.7302;10.1565;7.11337
1573142399910;82.7541;10.3500;6.89589
1573142400160;82.6858;10.5661;6.74813
1573142400410;82.5371;10.7981;6.66483
1573142400660;82.3304;11.0406;6.62902
1573142400910;82.0937;11.2882;6.61814
1573142401160;81.8507;11.5380;6.61138
1573142401410;81.5728;11.8146;6.61260
1573142401660;81.2728;12.0957;6.63152
1573142401910;80.9629;12.3769;6.66015
1573142402160;80.6512;12.6553;6.69345
1573142402410;80.3430;12.9278;6.72915
1573142402660;80.0410;13.1922;6.76686
1573142402910;79.7441;13.4478;6.80807
1573142403160;79.5377;13.6454;6.81691
1573142403410;79.4026;13.8206;6.77675
1573142403660;79.3243;13.9736;6.70207
1573142403910;79.2842;14.1043;6.61146
1573142404160;79.2635;14.2132;6.52332
1573142404410;79.2464;14.3014;6.45217
1573142404660;79.2221;14.3719;6.40599
1573142404910;79.1852;14.4279;6.38689
1573142405160;79.1361;14.4737;6.39018
1573142405410;79.0790;14.5135;6.40750
1573142405660;78.9699;14.5654;6.46468
1573142405910;78.7932;14.6337;6.57315
1573142406160;78.5690;14.7225;6.70858
1573142406410;78.3220;14.8348;6.84318
1573142406660;78.0759;14.9724;6.95172
1573142406910;77.8498;15.1346;7.01563
1573142407160;77.7217;15.2815;6.99679
1573142407410;77.6851;15.4292;6.88562
1573142407660;77.7229;15.5701;6.70704
1573142407910;77.8067;15.6983;6.49504
1573142408160;77.9030;15.8016;6.29543
1573142408410;77.9890;15.8719;6.13910
1573142408660;78.0524;15.9043;6.04328
1573142408910;78.0649;15.9023;6.03279
1573142409160;77.9968;15.8694;6.13384
1573142409410;77.8793;15.8121;6.30854
1573142409660;77.7729;15.7413;6.48585
1573142409910;77.7116;15.6574;6.63100
1573142410160;77.7073;15.5649;6.72779
1573142410410;77.7652;15.4697;6.76512
1573142410660;77.8804;15.3635;6.75614
1573142410910;78.0281;15.2445;6.72737
1573142411160;78.1831;15.1120;6.70483
1573142411410;78.3279;14.9662;6.70591
1573142411660;78.4548;14.8104;6.73476
1573142411910;78.5686;14.6489;6.78251
1573142412160;78.6794;14.4857;6.83494
1573142412410;78.7966;14.3276;6.87580
1573142412660;78.9293;14.1783;6.89234
1573142412910;79.0711;14.0270;6.90191
1573142413160;79.1751;13.8983;6.92657
1573142413410;79.2424;13.7912;6.96641
1573142413660;79.2783;13.7039;7.01785
1573142413910;79.3082;13.6360;7.05579
1573142414160;79.3622;13.5758;7.06197
1573142414410;79.4481;13.5200;7.03185
1573142414660;79.5737;13.4655;6.96088
1573142414910;79.7522;13.4010;6.84674
1573142415160;79.9696;13.3210;6.70941
1573142415410;80.2068;13.2170;6.57614
1573142415660;80.4261;13.0889;6.48500
1573142415910;80.6118;12.9340;6.45419
1573142416160;80.7586;12.7523;6.48915
1573142416410;80.8744;12.5521;6.57352
1573142416660;80.9826;12.3315;6.68593
1573142416910;81.0966;12.0959;6.80754
1573142417160;81.2231;11.8471;6.92980
1573142417410;81.3567;11.5992;7.04414
1573142417660;81.4935;11.3578;7.14868
1573142417910;81.6276;11.1378;7.23466
1573142418160;81.7636;10.9290;7.30749
1573142418410;81.8878;10.7357;7.37652
1573142418660;81.9888;10.5601;7.45114
1573142418910;82.0580;10.4098;7.53218
1573142419160;82.0992;10.2892;7.61152
1573142419410;82.1241;10.2025;7.67343
1573142419660;82.1457;10.1497;7.70460
1573142419910;82.1693;10.1315;7.69926
1573142420160;82.1948;10.1463;7.65894
1573142420410;82.2167;10.1905;7.59283
1573142420660;82.2221;10.2601;7.51783
1573142420910;82.1976;10.3502;7.45215
1573142421160;82.1097;10.4693;7.42101
1573142421410;81.9413;10.6101;7.44855
1573142421660;81.7051;10.7699;7.52498
1573142421910;81.4863;10.9180;7.59576
1573142422160;81.3004;11.0664;7.63325
1573142422410;81.1518;11.2137;7.63451
1573142422660;80.9930;11.3794;7.62765
1573142422910;80.7952;11.5502;7.65459
1573142423160;80.5383;11.7244;7.73725
1573142423410;80.2083;11.9026;7.88906
1573142423660;79.8036;12.0877;8.10878
1573142423910;79.3328;12.2863;8.38090
1573142424160;78.8180;12.5061;8.67591
1573142424410;78.2423;12.7723;8.98539
1573142424660;77.6395;13.0871;9.27348
1573142424910;77.0242;13.4588;9.51696
1573142425160;76.4802;13.8491;9.67070
1573142425410;75.9635;14.2906;9.74599
1573142425660;75.4540;14.7817;9.76431
1573142425910;74.9249;15.3214;9.75369
1573142426160;74.3525;15.9078;9.73965
1573142426410;73.7267;16.5364;9.73691
1573142426660;73.0444;17.2086;9.74701
1573142426910;72.3192;17.9205;9.76038
1573142427160;71.5668;18.6710;9.76224
1573142427410;70.7995;19.4582;9.74225
1573142427660;70.0232;20.2759;9.70089
1573142427910;69.2324;21.1158;9.65173
1573142428160;68.4141;21.9669;9.61903
1573142428410;67.4167;22.9222;9.66107
1573142428660;66.2972;23.8709;9.83191
1573142428910;65.0663;24.8054;10.1284
1573142429160;63.7544;25.7240;10.5216
1573142429410;62.3985;26.6341;10.9674
1573142429660;61.0320;27.5466;11.4215
1573142429910;59.6794;28.4697;11.8509
1573142430160;58.3476;29.4078;12.2446
1573142430410;57.0208;30.3628;12.6164
1573142430660;55.6771;31.3281;12.9948
1573142430910;54.4388;32.2120;13.3492
1573142431160;53.1972;33.0956;13.7071
1573142431410;51.9359;33.9856;14.0784
1573142431660;50.5695;34.9385;14.4920
1573142431910;49.1668;35.9167;14.9165
1573142432160;47.7375;36.9444;15.3180
1573142432410;46.4032;37.9732;15.6236
1573142432660;45.0910;39.0831;15.8259
1573142432910;43.7938;40.2717;15.9345
1573142433160;42.4894;41.5286;15.9820
1573142433410;40.8133;43.0927;16.0941
1573142433660;38.9780;44.6468;16.3752
1573142433910;37.0071;46.1769;16.8161
1573142434160;34.9585;47.6887;17.3529
1573142434410;32.8905;49.2151;17.8945
1573142434660;30.8600;50.7862;18.3538
1573142434910;29.3146;52.1382;18.5472
1573142435160;27.8996;53.5880;18.5124
1573142435410;26.5765;55.0704;18.3531
1573142435660;25.3445;56.4240;18.2315
1573142435910;24.1153;57.5619;18.3228
1573142436160;22.8512;58.3466;18.8022
1573142436410;21.5393;58.6794;19.7814
1573142436660;19.9215;58.4448;21.6338
1573142436910;18.2337;57.5599;24.2063
1573142437160;16.5328;56.1193;27.3479
1573142437410;14.8897;54.2639;30.8464
1573142437660;13.3012;52.0405;34.6583
1573142437910;11.7622;49.4377;38.8001
1573142438160;10.4841;46.8766;42.6393
1573142438410;9.24767;43.9796;46.7728
1573142438660;8.03648;40.6937;51.2698
1573142438910;6.85415;37.0504;56.0955
1573142439160;5.52499;32.4698;62.0052
1573142439410;4.26977;27.7001;68.0301
1573142439660;3.14201;23.0409;73.8171
1573142439910;2.24669;19.0363;78.7170
1573142440160;1.58357;15.7132;82.7032
1573142440410;1.27903;13.4316;85.2893
1573142440660;1.62230;12.9433;85.4344
1573142440910;3.10863;15.5205;81.3709
1573142441160;5.71661;21.3287;72.9547
1573142441410;5.22741;20.1690;74.6036
1573142441660;4.82183;19.2182;75.9600
1573142441910;4.49773;18.5196;76.9827
1573142442160;4.24113;18.0671;77.6918
1573142442410;3.63804;17.4361;78.9259
1573142442660;3.18578;17.5492;79.2650
1573142442910;2.95188;18.3050;78.7431
1573142443160;2.94026;18.3884;78.6713
1573142443410;2.92569;18.4451;78.6292
1573142443660;2.91029;18.4847;78.6050
1573142443910;2.92418;18.4526;78.6232
1573142444160;3.04662;18.2582;78.6952
1573142444410;3.22969;18.0709;78.6994
1573142444660;3.35903;17.9546;78.6863
1573142444910;3.50215;17.8637;78.6341
1573142445160;3.66993;17.8660;78.4640
1573142445410;3.87571;18.0231;78.1012
1573142445660;3.74412;17.8531;78.4028
1573142445910;3.59569;17.6134;78.7909
1573142446160;3.43667;17.3304;79.2330
1573142446410;3.46985;17.3890;79.1412
1573142446660;3.59254;17.5819;78.8256
1573142446910;3.71574;17.7302;78.5540
1573142447160;3.88824;17.8493;78.2624
1573142447410;4.03946;17.8637;78.0969
1573142447660;4.18512;17.7922;78.0227
1573142447910;4.32937;17.6566;78.0140
1573142448160;4.04375;18.0628;77.8935
1573142448410;3.77000;18.6241;77.6059
1573142448660;3.51666;19.3258;77.1576
1573142448910;3.56824;19.1492;77.2825
1573142449160;3.79409;18.3145;77.8914
1573142449410;4.03269;17.4249;78.5424
1573142449660;4.25147;16.6509;79.0976
1573142449910;4.30808;16.4722;79.2197
1573142450160;4.36999;16.3114;79.3186
1573142450410;4.59772;15.8855;79.5168
1573142450660;4.65656;15.8114;79.5321
1573142450910;4.71934;15.7562;79.5245
1573142451160;4.78315;15.7127;79.5041
1573142451410;4.54444;15.8879;79.5677
1573142451660;4.87786;15.5965;79.5257
1573142451910;5.17900;15.3275;79.4935
1573142452160;5.43239;15.1401;79.4275
1573142452410;5.33609;15.1744;79.4895
1573142452660;5.23353;15.1480;79.6185
1573142452910;5.11612;15.0311;79.8528
1573142453160;5.00076;14.8436;80.1556
1573142453410;4.87517;14.5798;80.5450
1573142453660;4.74923;14.2692;80.9815
1573142453910;4.75887;14.2963;80.9448
1573142454160;4.85877;14.6192;80.5220
1573142454410;4.92901;14.8966;80.1744
1573142454660;4.96683;15.1129;79.9202
1573142454910;4.92085;13.8793;81.1998
1573142455160;5.17346;12.9843;81.8423
1573142455410;5.69125;12.5223;81.7864
1573142455660;6.29946;12.4137;81.2868
1573142455910;6.73351;12.5204;80.7461
1573142456160;6.60325;12.7406;80.6562
1573142456410;6.57768;13.6185;79.8038
1573142456660;6.60190;14.9715;78.4266
1573142456910;6.61337;16.6453;76.7413
1573142457160;6.63403;16.1543;77.2116
1573142457410;6.68971;15.8043;77.5060
1573142457660;6.78565;15.5919;77.6224
1573142457910;6.92047;15.5288;77.5507
1573142458160;7.28886;15.7423;76.9688
1573142458410;7.64950;16.2285;76.1220
1573142458660;8.00971;16.9587;75.0316
1573142458910;8.32123;17.8502;73.8285
1573142459160;8.56916;18.9256;72.5052
1573142459410;8.42118;17.7997;73.7791
1573142459660;8.38348;16.7593;74.8572
1573142459910;8.45377;15.8026;75.7436
1573142460160;8.61750;14.9140;76.4685
1573142460410;8.84423;14.0689;77.0868
1573142460660;9.08905;13.2470;77.6640
1573142460910;9.31945;12.3941;78.2864
1573142461160;9.48103;11.6202;78.8988
1573142461410;9.40421;12.1703;78.4255
1573142461660;9.29049;13.1373;77.5722
1573142461910;9.13581;14.2628;76.6014
1573142462160;8.91837;15.4313;75.6503
1573142462410;8.75471;16.0494;75.1959
1573142462660;9.19479;15.0235;75.7817
1573142462910;9.71985;14.4874;75.7927
1573142463160;9.97274;14.4714;75.5559
1573142463410;10.2553;14.6426;75.1021
1573142463660;9.83222;14.2370;75.9308
1573142463910;9.40351;13.7845;76.8120
1573142464160;9.24218;13.5957;77.1621
1573142464410;9.10698;13.4147;77.4783
1573142464660;9.00613;13.2586;77.7352
1573142464910;8.97121;13.1903;77.8385
1573142465160;8.95445;13.1376;77.9079
1573142465410;8.93418;12.9732;78.0926
1573142465660;8.95313;12.9585;78.0883
1573142465910;8.98930;13.1999;77.8108
1573142466160;9.02932;13.7070;77.2637
1573142466410;9.07465;14.4837;76.4416
1573142466660;9.11026;15.0403;75.8495
1573142466910;9.15898;15.6758;75.1652
1573142467160;9.10622;15.1141;75.7797
1573142467410;9.06239;14.6838;76.2538
1573142467660;9.05516;14.4163;76.5286
1573142467910;9.11290;14.3591;76.5280
1573142468160;9.25245;14.5379;76.2097
1573142468410;9.58644;15.1853;75.2283
1573142468660;9.99907;16.1535;73.8474
1573142468910;10.4299;17.3301;72.2400
1573142469160;10.4722;17.4614;72.0664
1573142469410;10.5036;17.5744;71.9220
1573142469660;10.2871;16.6791;73.0338
1573142469910;10.2276;16.4082;73.3642
1573142470160;10.2059;16.3034;73.4908
1573142470410;10.1845;16.3161;73.4993
1573142470660;10.1218;16.3855;73.4927
1573142470910;9.96733;16.4734;73.5593
1573142471160;10.1935;16.4592;73.3474
1573142471410;10.4792;16.5615;72.9592
1573142471660;10.5814;16.6143;72.8044
1573142471910;10.6105;16.6280;72.7614
1573142472160;10.6362;16.6350;72.7288
1573142472410;10.7312;16.6225;72.6463
1573142472660;10.7854;16.5618;72.6528
1573142472910;10.7191;16.9205;72.3603
1573142473160;10.6995;17.5059;71.7946
1573142473410;10.7017;18.2422;71.0561
1573142473660;10.7062;18.5573;70.7364
1573142473910;10.7125;18.8590;70.4285
1573142474160;10.7157;18.9924;70.2918
1573142474410;10.7083;18.8211;70.4706
1573142474660;10.6985;18.7203;70.5812
1573142474910;10.6879;18.7011;70.6111
1573142475160;10.6824;18.7980;70.5197
1573142475410;10.6839;19.0174;70.2987
1573142475660;10.6897;19.3543;69.9560
1573142475910;10.6912;19.7898;69.5190
1573142476160;10.6787;20.1863;69.1349
1573142476410;10.6416;20.6027;68.7557
1573142476660;10.5339;21.2245;68.2417
1573142476910;10.7096;20.5861;68.7044
1573142477160;10.9339;20.0021;69.0640
1573142477410;11.4345;18.9673;69.5983
1573142477660;11.9535;18.0263;70.0202
1573142477910;12.1469;17.6886;70.1645
1573142478160;12.3262;17.3667;70.3071
1573142478410;12.3949;17.2394;70.3656
1573142478660;12.2436;17.5096;70.2468
1573142478910;12.0776;17.7658;70.1566
1573142479160;11.9583;17.9076;70.1341
1573142479410;11.9965;17.8768;70.1268
1573142479660;12.0384;17.8573;70.1042
1573142479910;11.8104;17.9079;70.2817
1573142480160;11.5696;17.9284;70.5020
1573142480410;11.1304;17.9447;70.9249
1573142480660;10.7020;17.9737;71.3244
1573142480910;10.2971;18.0330;71.6698
1573142481160;10.0674;18.0866;71.8460
1573142481410;9.85325;18.1476;71.9992
1573142481660;9.40321;18.2869;72.3099
1573142481910;8.73242;18.5127;72.7549
1573142482160;8.07600;18.7592;73.1648
1573142482410;7.46568;19.0437;73.4906
1573142482660;7.30082;19.1453;73.5539
1573142482910;7.16190;19.2668;73.5713
1573142483160;7.05160;19.4166;73.5318
1573142483410;6.77667;20.0293;73.1940
1573142483660;6.56997;20.7514;72.6786
1573142483910;6.40906;21.4903;72.1006
1573142484160;6.26742;22.1815;71.5510
1573142484410;6.20580;22.4199;71.3743
1573142484660;6.14693;22.5523;71.3007
1573142484910;6.09709;22.5990;71.3039
1573142485160;6.09900;22.5996;71.3014
1573142485410;6.09969;22.6017;71.2986
1573142485660;6.09894;22.6042;71.2968
1573142485910;6.16991;22.5359;71.2942
1573142486160;6.31611;22.4418;71.2421
1573142486410;6.49832;22.2666;71.2351
1573142486660;6.56159;22.1408;71.2976
1573142486910;6.61336;21.9221;71.4645
1573142487160;6.64964;21.6036;71.7467
1573142487410;6.67122;21.1952;72.1335
1573142487660;6.67211;21.1582;72.1697
1573142487910;6.67279;21.1173;72.2100
1573142488160;6.67386;21.0747;72.2514
1573142488410;6.65541;21.5251;71.8195
1573142488660;6.66400;21.3762;71.9598
1573142488910;6.67420;21.2278;72.0980
1573142489160;6.75784;20.0689;73.1732
1573142489410;6.83552;18.9931;74.1714
1573142489660;6.91394;17.9530;75.1330
1573142489910;7.00646;17.0129;75.9806
1573142490160;7.13581;16.2441;76.6201
1573142490410;7.33568;15.6871;76.9772
1573142490660;7.60718;15.4271;76.9657
1573142490910;7.97299;15.4376;76.5894
1573142491160;8.14738;15.5248;76.3278
1573142491410;8.34085;15.6567;76.0024
1573142491660;8.53407;15.7953;75.6706
1573142491910;9.17745;16.2683;74.5542
1573142492160;9.65434;16.6495;73.6962
1573142492410;9.71639;16.6882;73.5954
1573142492660;9.75278;16.6855;73.5618
1573142492910;9.64972;16.8147;73.5356
1573142493160;9.50673;17.0488;73.4445
1573142493410;9.30572;17.3317;73.3626
1573142493660;9.26388;17.3815;73.3546
1573142493910;9.22297;17.4309;73.3462
1573142494160;9.19048;17.4886;73.3209
1573142494410;9.18035;17.5282;73.2914
1573142494660;9.17912;17.5743;73.2466
1573142494910;9.12943;17.2364;73.6341
1573142495160;9.05864;17.0656;73.8758
1573142495410;9.02405;17.1600;73.8160
1573142495660;9.03856;17.2892;73.6722
1573142495910;9.08687;17.5273;73.3858
1573142496160;9.17993;17.9253;72.8948
1573142496410;9.54063;19.4931;70.9663
1573142496660;9.88648;21.2266;68.8869
1573142496910;10.1136;22.8444;67.0420
1573142497160;10.1328;23.5166;66.3507
1573142497410;10.4167;22.1962;67.3871
1573142497660;11.0357;21.6711;67.2932
1573142497910;11.5238;21.7817;66.6945
1573142498160;12.0525;22.1447;65.8029
1573142498410;12.4749;22.5522;64.9729
1573142498660;12.6506;22.8006;64.5487
1573142498910;12.7191;22.8265;64.4543
1573142499160;12.9442;23.0500;64.0058
1573142499410;13.2810;23.3860;63.3329
1573142499660;13.8467;23.8730;62.2803
1573142499910;14.3198;24.1049;61.5753
1573142500160;14.5729;23.8927;61.5344
1573142500410;14.5595;23.0980;62.3425
1573142500660;14.6524;23.7220;61.6256
1573142500910;14.7308;24.5107;60.7585
1573142501160;14.7252;25.3432;59.9317
1573142501410;14.7887;24.9292;60.2821
1573142501660;14.9113;24.5712;60.5175
1573142501910;15.0870;24.2587;60.6543
1573142502160;16.1709;22.6595;61.1696
1573142502410;17.1605;21.0862;61.7534
1573142502660;17.9231;19.6048;62.4721
1573142502910;18.4559;18.3681;63.1760
1573142503160;18.3726;18.5070;63.1204
1573142503410;18.2306;18.6348;63.1346
1573142503660;18.0237;18.7443;63.2320
1573142503910;18.4868;18.5786;62.9346
1573142504160;18.9960;18.4198;62.5842
1573142504410;24.3906;17.7370;57.8725
1573142504660;21.6540;20.1632;58.1827
1573142504910;18.6972;22.4252;58.8776
1573142505160;17.0852;24.5379;58.3769
1573142505410;16.5464;26.8456;56.6080
1573142505660;16.7870;28.6401;54.5729
1573142505910;17.6096;31.0747;51.3157
1573142506160;18.9721;34.1595;46.8684
1573142506410;18.9114;34.0450;47.0436
1573142506660;18.8300;33.9128;47.2572
1573142506910;18.7369;33.7807;47.4824
1573142507160;19.2543;34.4014;46.3443
1573142507410;19.9698;35.0543;44.9759
1573142507660;20.5766;35.3506;44.0728
1573142507910;21.0553;35.2764;43.6683
1573142508160;20.4991;35.8143;43.6867
1573142508410;19.9590;36.6688;43.3722
1573142508660;19.3848;37.7211;42.8941
1573142508910;18.7477;38.8634;42.3889
1573142509160;18.1423;39.8706;41.9871
1573142509410;17.5062;40.8717;41.6221
1573142509660;17.9521;40.1361;41.9117
1573142509910;18.2387;39.5946;42.1667
1573142510160;18.4993;39.0303;42.4703
1573142510410;18.7367;38.4671;42.7962
1573142510660;18.5316;38.9376;42.5308
1573142510910;18.3201;39.3404;42.3394
1573142511160;18.0978;39.6561;42.2460
1573142511410;17.9027;39.8480;42.2492
1573142511660;17.7084;39.9784;42.3132
1573142511910;17.5258;40.0714;42.4028
1573142512160;17.4244;40.1246;42.4510
1573142512410;17.3430;40.1861;42.4710
1573142512660;17.5644;39.8815;42.5541
1573142512910;17.6946;39.5181;42.7873
1573142513160;17.6887;39.5444;42.7669
1573142513410;17.6347;39.7188;42.6465
1573142513660;17.5554;39.7903;42.6542
1573142513910;17.5974;39.8049;42.5977
1573142514160;17.5026;39.7125;42.7849
1573142514410;17.3997;39.5819;43.0183
1573142514660;17.4492;39.6490;42.9018
1573142514910;17.4827;39.6901;42.8272
1573142515160;17.4944;39.6911;42.8145
1573142515410;17.4830;39.6492;42.8679
1573142515660;17.6847;40.1943;42.1210
1573142515910;17.9158;40.8005;41.2837
1573142516160;18.1298;41.3463;40.5239
1573142516410;18.1485;41.3877;40.4637
1573142516660;18.1690;41.4211;40.4099
1573142516910;18.0773;41.3186;40.6041
1573142517160;17.9586;41.2252;40.8162
1573142517410;17.8088;41.1372;41.0540
1573142517660;17.6639;41.0739;41.2622
1573142517910;17.4984;41.0275;41.4740
1573142518160;17.4569;41.0245;41.5187
1573142518410;17.4144;41.0330;41.5525
1573142518660;17.1021;41.1891;41.7089
1573142518910;16.7865;41.4366;41.7769
1573142519160;16.3368;41.9045;41.7587
1573142519410;15.8805;42.4672;41.6523
1573142519660;15.6775;42.7546;41.5679
1573142519910;15.5523;42.9547;41.4930
1573142520160;15.4284;43.1680;41.4036
1573142520410;15.3544;43.2995;41.3462
1573142520660;15.2310;43.5174;41.2516
1573142520910;15.1068;43.7280;41.1652
1573142521160;14.8675;44.1032;41.0293
1573142521410;14.6363;44.4271;40.9367
1573142521660;14.4011;44.7160;40.8829
1573142521910;14.1622;44.9675;40.8703
1573142522160;13.8652;45.2259;40.9089
1573142522410;13.6325;45.3892;40.9783
1573142522660;13.3987;45.5225;41.0789
1573142522910;13.3714;45.5362;41.0925
1573142523160;13.2913;45.5758;41.1329
1573142523410;13.2132;45.6162;41.1706
1573142523660;13.1372;45.6590;41.2038
1573142523910;12.9131;45.7922;41.2947
1573142524160;12.6903;45.9247;41.3850
1573142524410;12.4679;46.0545;41.4776
1573142524660;12.2452;46.1793;41.5755
1573142524910;11.9723;46.3223;41.7054
1573142525160;11.6999;46.4554;41.8447
1573142525410;11.4309;46.5848;41.9843
1573142525660;11.0497;46.7749;42.1754
1573142525910;10.6850;46.9785;42.3364
1573142526160;10.3443;47.2162;42.4395
1573142526410;10.1894;47.3663;42.4443
1573142526660;10.1552;47.4147;42.4302
1573142526910;10.1253;47.4727;42.4021
1573142527160;9.91756;47.9415;42.1410
1573142527410;9.87415;48.0408;42.0850
1573142527660;9.83308;48.1274;42.0395
1573142527910;9.79280;48.1930;42.0142
1573142528160;9.62926;48.3387;42.0321
1573142528410;9.46197;48.3541;42.1839
1573142528660;9.29587;48.2635;42.4406
1573142528910;9.16659;48.1387;42.6947
1573142529160;9.16158;48.1333;42.7051
1573142529410;9.15737;48.1298;42.7128
1573142529660;9.10927;48.1079;42.7828
1573142529910;8.98856;48.0686;42.9428
1573142530160;8.88232;48.0031;43.1146
1573142530410;8.78561;47.8946;43.3198
1573142530660;8.73733;47.8213;43.4414
1573142530910;8.73733;47.8213;43.4414
1573142531160;8.73733;47.8213;43.4414
1573142531410;8.73605;47.8217;43.4423
1573142531660;8.74214;47.8105;43.4473
1573142531910;8.74691;47.7913;43.4618
1573142532160;8.75070;47.7663;43.4830
1573142532410;8.75957;47.6827;43.5577
1573142532660;8.75664;47.7120;43.5313
1573142532910;8.75347;47.7354;43.5111
1573142533160;8.73306;47.8039;43.4631
1573142533410;8.72628;47.8052;43.4685
1573142533660;8.72070;47.7957;43.4836
1573142533910;8.72280;47.8039;43.4733
1573142534160;8.72322;47.8118;43.4650
1573142534410;8.72586;47.7270;43.5472
1573142534660;8.72981;47.5490;43.7211
1573142534910;8.73647;47.2585;44.0050
1573142535160;8.73319;47.3283;43.9385
1573142535410;8.72661;47.3896;43.8838
1573142535660;8.73555;47.3446;43.9199
1573142535910;8.74734;47.3063;43.9464
1573142536160;8.79845;47.1699;44.0317
1573142536410;8.83600;47.0669;44.0971
1573142536660;8.87301;46.9515;44.1755
1573142536910;8.89199;46.8799;44.2281
1573142537160;8.91017;46.7940;44.2958
1573142537410;8.92520;46.7031;44.3717
1573142537660;8.93725;46.6122;44.4506
1573142537910;8.95561;46.4472;44.5972
1573142538160;8.96667;46.3450;44.6884
1573142538410;8.97704;46.2695;44.7535
1573142538660;8.98396;46.2409;44.7751
1573142538910;8.98931;46.2355;44.7752
1573142539160;8.99365;46.2430;44.7633
1573142539410;8.99581;46.2564;44.7478
1573142539660;8.99567;46.2581;44.7462
1573142539910;8.99506;46.2593;44.7456
1573142540160;8.99394;46.2597;44.7463
1573142540410;8.98450;46.2569;44.7586
1573142540660;8.98258;46.2560;44.7615
1573142540910;8.98046;46.2552;44.7643
1573142541160;8.97822;46.2550;44.7668
1573142541410;8.92131;46.2529;44.8258
1573142541660;8.85954;46.2369;44.9035
1573142541910;8.79196;46.2033;45.0047
1573142542160;8.71793;46.1512;45.1309
1573142542410;8.66114;46.1068;45.2321
1573142542660;8.60067;46.0638;45.3355
1573142542910;7.85677;44.8873;47.2559
1573142543160;7.23630;42.8796;49.8841
1573142543410;6.92127;41.1563;51.9225
1573142543660;6.91968;41.1047;51.9756
1573142543910;6.93364;41.1742;51.8922
1573142544160;6.96263;41.3374;51.7000
1573142544410;7.00368;41.5734;51.4229
1573142544660;7.07991;42.0103;50.9098
1573142544910;7.15652;42.4410;50.4025
1573142545160;7.22439;42.8088;49.9668
1573142545410;7.27791;43.0789;49.6432
1573142545660;7.28508;43.1107;49.6042
1573142545910;7.28995;43.1276;49.5825
1573142546160;7.29350;43.1355;49.5710
1573142546410;7.29667;43.1402;49.5631
1573142546660;7.32478;43.1750;49.5002
1573142546910;7.35546;43.2046;49.4399
1573142547160;7.38601;43.2169;49.3971
1573142547410;7.39013;43.2137;49.3961
1573142547660;7.39275;43.2033;49.4040
1573142547910;7.39344;43.1838;49.4227
1573142548160;7.39791;43.2783;49.3238
1573142548410;7.39386;43.2344;49.3718
1573142548660;7.38840;43.1890;49.4226
1573142548910;7.40234;43.2783;49.3194
1573142549160;7.41743;43.3442;49.2383
1573142549410;7.43478;43.3904;49.1748
1573142549660;7.47746;43.4598;49.0627
1573142549910;7.53563;43.5365;48.9279
1573142550160;7.63696;43.6756;48.6875
1573142550410;7.76917;43.8696;48.3612
1573142550660;7.72306;43.7960;48.4809
1573142550910;7.66931;43.7080;48.6227
1573142551160;7.61077;43.6224;48.7668
1573142551410;7.63084;43.6435;48.7256
1573142551660;7.57128;43.6158;48.8129
1573142551910;7.51331;43.6267;48.8599
1573142552160;7.46274;43.6670;48.8702
1573142552410;7.41172;43.7278;48.8605
1573142552660;7.45156;43.6754;48.8731
1573142552910;7.49396;43.6235;48.8826
1573142553160;7.53933;43.5771;48.8836
1573142553410;7.57130;43.5503;48.8784
1573142553660;7.60430;43.5255;48.8702
1573142553910;7.59603;43.5320;48.8720
1573142554160;7.58794;43.5393;48.8727
1573142554410;7.58794;43.5393;48.8727
1573142554660;7.58794;43.5393;48.8727
1573142554910;7.59531;43.5308;48.8739
1573142555160;7.49154;43.6231;48.8854
1573142555410;7.38529;43.6702;48.9445
1573142555660;7.31535;43.6690;49.0156
1573142555910;7.44880;43.7141;48.8371
1573142556160;7.58043;43.7768;48.6428
1573142556410;7.70654;43.8361;48.4574
1573142556660;7.74125;43.8486;48.4101
1573142556910;7.56051;43.7991;48.6404
1573142557160;7.39161;43.7557;48.8527
1573142557410;7.09102;43.6510;49.2580
1573142557660;6.92047;43.5660;49.5135
1573142557910;6.76153;43.4723;49.7662
1573142558160;6.61690;43.3844;49.9987
1573142558410;6.56922;43.3661;50.0647
1573142558660;6.52939;43.3758;50.0948
1573142558910;6.49875;43.4209;50.0804
1573142559160;6.47794;43.5033;50.0188
1573142559410;6.44632;43.8276;49.7261
1573142559660;6.44251;44.1960;49.3615
1573142559910;6.46378;44.5735;48.9627
1573142560160;6.50673;44.9175;48.5758
1573142560410;6.57324;45.2248;48.2020
1573142560660;6.66333;45.4745;47.8622
1573142560910;6.77991;45.6688;47.5512
1573142561160;6.84687;45.7407;47.4124
1573142561410;6.92867;45.8011;47.2702
1573142561660;7.02553;45.8432;47.1313
1573142561910;7.01863;45.8423;47.1390
1573142562160;7.25453;45.7641;46.9814
1573142562410;7.50770;45.5269;46.9654
1573142562660;7.77359;45.1106;47.1158
1573142562910;8.22049;44.1521;47.6274
1573142563160;8.46499;43.5410;47.9940
1573142563410;8.72876;42.8750;48.3962
1573142563660;9.01930;42.2036;48.7771
1573142563910;9.34213;41.5635;49.0943
1573142564160;9.61615;41.1087;49.2751
1573142564410;9.85267;40.7725;49.3749
1573142564660;10.0995;40.4490;49.4515
1573142564910;10.6423;39.7183;49.6394
1573142565160;11.1673;38.9361;49.8966
1573142565410;11.4373;38.4981;50.0646
1573142565660;11.6957;38.0832;50.2211
1573142565910;11.7636;37.9939;50.2425
1573142566160;11.9069;37.8853;50.2079
1573142566410;12.0639;37.8718;50.0642
1573142566660;12.2383;37.9672;49.7945
1573142566910;12.4475;38.1877;49.3648
1573142567160;12.8248;38.7243;48.4509
1573142567410;13.1936;39.3401;47.4663
1573142567660;13.3495;39.6242;47.0262
1573142567910;13.4732;39.8573;46.6695
1573142568160;13.5555;40.0074;46.4371
1573142568410;12.6253;38.5819;48.7928
1573142568660;11.9885;38.0603;49.9511
1573142568910;11.5898;38.5131;49.8971
1573142569160;11.3750;39.9448;48.6803
1573142569410;11.2400;42.0696;46.6904
1573142569660;11.1751;43.2915;45.5335
1573142569910;11.0908;44.3474;44.5617
1573142570160;10.9496;44.9781;44.0723
1573142570410;10.9859;44.8865;44.1275
1573142570660;11.0112;44.7880;44.2008
1573142570910;11.0258;44.6870;44.2873
1573142571160;11.0320;44.5958;44.3721
1573142571410;11.0331;44.5742;44.3928
1573142571660;11.0340;44.5702;44.3957
1573142571910;11.0345;44.5820;44.3835
1573142572160;11.0325;44.6050;44.3625
1573142572410;11.0249;44.6252;44.3500
1573142572660;11.0087;44.6299;44.3614
1573142572910;10.9821;44.6106;44.4072
1573142573160;10.9798;44.6080;44.4122
1573142573410;10.9770;44.6043;44.4186
1573142573660;10.9739;44.6005;44.4255
1573142573910;10.8840;44.5100;44.6060
1573142574160;10.7966;44.4554;44.7481
1573142574410;10.7167;44.4569;44.8264
1573142574660;10.5620;44.5822;44.8558
1573142574910;10.4078;44.8155;44.7767
1573142575160;10.2558;45.1094;44.6349
1573142575410;10.0944;45.4077;44.4979
1573142575660;9.91210;45.6466;44.4413
1573142575910;9.72713;45.7584;44.5145
1573142576160;9.51405;45.7455;44.7404
1573142576410;9.27490;45.6007;45.1244
1573142576660;9.30245;45.6251;45.0725
1573142576910;9.33103;45.6521;45.0168
1573142577160;9.36005;45.6794;44.9605
1573142577410;9.41816;45.7303;44.8515
1573142577660;9.47587;45.7748;44.7493
1573142577910;9.53314;45.8118;44.6551
1573142578160;9.39778;45.7324;44.8699
1573142578410;9.05352;45.5089;45.4376
1573142578660;8.69254;45.2542;46.0533
1573142578910;8.32277;45.0146;46.6626
1573142579160;7.95264;44.8421;47.2053
1573142579410;7.64223;44.7935;47.5643
1573142579660;7.33878;44.8660;47.7952
1573142579910;7.03989;45.0536;47.9066
1573142580160;6.77204;45.3052;47.9227
1573142580410;6.49983;45.6113;47.8888
1573142580660;6.21987;45.9393;47.8408
1573142580910;6.19380;45.9708;47.8354
1573142581160;6.23668;45.9165;47.8469
1573142581410;6.28183;45.8595;47.8587
1573142581660;6.28183;45.8595;47.8587
1573142581910;6.17048;45.9624;47.8671
1573142582160;6.05164;46.0379;47.9105
1573142582410;5.92544;46.0829;47.9917
1573142582660;6.15954;46.0380;47.8025
1573142582910;6.49511;45.9813;47.5236
1573142583160;6.84455;45.9015;47.2539
1573142583410;7.20270;45.7767;47.0206
1573142583660;7.24088;45.7585;47.0006
1573142583910;7.27934;45.7354;46.9852
1573142584160;7.31797;45.7070;46.9750
1573142584410;7.27906;45.7398;46.9812
1573142584660;7.18042;45.8269;46.9926
1573142584910;7.07962;45.9132;47.0072
1573142585160;7.16239;45.8478;46.9898
1573142585410;7.16239;45.8478;46.9898
1573142585660;7.16239;45.8478;46.9898
1573142585910;7.16239;45.8478;46.9898
1573142586160;7.25203;45.7982;46.9498
1573142586410;7.45212;45.6644;46.8834
1573142586660;7.64780;45.4955;46.8567
1573142586910;7.52102;45.6305;46.8485
1573142587160;7.37673;45.8061;46.8171
1573142587410;7.23485;45.9903;46.7748
1573142587660;7.09375;46.1697;46.7366
1573142587910;7.19506;46.0529;46.7520
1573142588160;7.35955;45.8937;46.7467
1573142588410;7.52778;45.7707;46.7015
1573142588660;7.70025;45.6868;46.6130
1573142588910;7.87637;45.6379;46.4857
1573142589160;8.05446;45.6139;46.3317
1573142589410;8.23214;45.6010;46.1668
1573142589660;8.40677;45.5853;46.0079
1573142589910;8.59714;45.5508;45.8521
1573142590160;8.77948;45.4906;45.7299
1573142590410;8.95278;45.4015;45.6457
1573142590660;8.93448;45.4141;45.6514
1573142590910;8.91702;45.4288;45.6542
1573142591160;8.90038;45.4452;45.6544
1573142591410;8.50068;45.8766;45.6227
1573142591660;8.13221;46.2867;45.5811
1573142591910;7.78402;46.6962;45.5198
1573142592160;7.95924;46.4539;45.5869
1573142592410;8.08360;46.2451;45.6713
1573142592660;8.19984;46.0353;45.7649
1573142592910;8.31168;45.8503;45.8380
1573142593160;8.24463;45.9278;45.8276
1573142593410;8.17622;45.9591;45.8647
1573142593660;8.10712;45.9450;45.9479
1573142593910;8.35543;46.0980;45.5466
1573142594160;8.55640;46.2502;45.1934
1573142594410;8.73507;46.3827;44.8822
1573142594660;8.88634;46.4714;44.6422
1573142594910;8.85979;46.4578;44.6824
1573142595160;8.83716;46.4415;44.7213
1573142595410;8.81736;46.4184;44.7643
1573142595660;8.76798;46.3249;44.9072
1573142595910;8.73526;46.2348;45.0299
1573142596160;8.70684;46.1329;45.1602
1573142596410;8.68480;46.0333;45.2819
1573142596660;8.70930;46.1729;45.1178
1573142596910;8.71445;46.2352;45.0503
1573142597160;8.70277;46.2292;45.0681
1573142597410;8.71423;46.2444;45.0414
1573142597660;8.72647;46.2425;45.0310
1573142597910;8.73625;46.2063;45.0574
1573142598160;8.74242;46.1289;45.1286
1573142598410;8.71827;46.5954;44.6863
1573142598660;8.68078;46.9962;44.3230
1573142598910;8.61566;47.2547;44.1296
1573142599160;8.62329;47.2433;44.1335
1573142599410;8.63369;47.2351;44.1312
1573142599660;8.64683;47.2292;44.1240
1573142599910;8.66217;47.2217;44.1161
1573142600160;8.57939;47.2848;44.1358
1573142600410;8.49712;47.3979;44.1050
1573142600660;8.42176;47.5974;43.9809
1573142600910;8.37036;47.8468;43.7828
1573142601160;8.32839;48.1898;43.4818
1573142601410;8.29329;48.6086;43.0981
1573142601660;8.22734;49.5152;42.2575
1573142601910;8.12661;50.7431;41.1303
1573142602160;8.01332;51.8068;40.1799
1573142602410;7.93875;52.3663;39.6949
1573142602660;7.88447;52.7573;39.3582
1573142602910;7.84072;53.1518;39.0074
1573142603160;7.81458;53.5786;38.6068
1573142603410;7.81331;53.6980;38.4887
1573142603660;7.81068;53.6017;38.5876
1573142603910;7.80602;53.5121;38.6819
1573142604160;7.81728;53.6739;38.5088
1573142604410;7.82261;53.7105;38.4669
1573142604660;7.80777;53.4580;38.7343
1573142604910;7.76249;52.7445;39.4930
1573142605160;7.70363;51.7319;40.5645
1573142605410;7.62943;50.0289;42.3416
1573142605660;7.60591;48.3719;44.0222
1573142605910;7.66171;47.1523;45.1860
1573142606160;7.82056;46.3061;45.8734
1573142606410;8.10101;45.8882;46.0108
1573142606660;8.26528;45.8854;45.8494
1573142606910;14.4624;47.4622;38.0754
1573142607160;26.7607;46.5817;26.6576
1573142607410;42.2487;36.7279;21.0235
1573142607660;43.4783;35.0330;21.4887
1573142607910;44.6829;33.1958;22.1214
1573142608160;45.9123;31.2789;22.8088
1573142608410;46.8402;29.9253;23.2345
1573142608660;48.2447;28.0629;23.6924
1573142608910;49.7446;26.2113;24.0442
1573142609160;52.0163;23.4672;24.5166
1573142609410;54.1699;20.8036;25.0266
1573142609660;56.1727;18.2904;25.5369
1573142609910;57.5385;16.6812;25.7803
1573142610160;58.9809;15.2398;25.7793
1573142610410;60.5492;13.9969;25.4539
1573142610660;62.2760;12.9735;24.7506
1573142610910;64.1579;12.1805;23.6616
1573142611160;66.1403;11.6197;22.2400
1573142611410;68.1098;11.2839;20.6062
1573142611660;70.0405;11.1507;18.8088
1573142611910;71.5344;11.2270;17.2387
1573142612160;71.8115;11.2845;16.9039
1573142612410;71.9020;11.3255;16.7725
1573142612660;71.9180;11.3702;16.7118
1573142612910;72.0894;11.2096;16.7010
1573142613160;72.4100;11.0963;16.4937
1573142613410;72.9114;11.0285;16.0600
1573142613660;73.7776;11.0516;15.1709
1573142613910;74.3847;11.2386;14.3767
1573142614160;74.5727;11.5153;13.9120
1573142614410;74.3424;11.8701;13.7875
1573142614660;74.5379;11.6780;13.7841
1573142614910;74.5512;11.6024;13.8464
1573142615160;74.5131;11.6237;13.8632
1573142615410;74.5173;11.5885;13.8942
1573142615660;74.4933;11.5327;13.9740
1573142615910;74.4260;11.4036;14.1704
1573142616160;74.3608;11.2296;14.4096
1573142616410;74.3568;11.0364;14.6068
1573142616660;74.4485;10.8281;14.7235
1573142616910;74.5258;10.7428;14.7314
1573142617160;74.6402;10.6475;14.7124
1573142617410;74.7696;10.5396;14.6908
1573142617660;74.7696;10.5396;14.6908
1573142617910;74.5877;10.7755;14.6368
1573142618160;74.4301;11.0418;14.5281
1573142618410;74.3736;11.1573;14.4691
1573142618660;74.3129;11.2771;14.4101
1573142618910;74.2724;11.3366;14.3911
1573142619160;74.2153;11.3932;14.3915
1573142619410;74.0626;11.4972;14.4402
1573142619660;74.3348;11.3581;14.3071
1573142619910;74.6178;11.2365;14.1457
1573142620160;75.1247;11.0262;13.8491
1573142620410;75.4921;10.8468;13.6610
1573142620660;75.2842;11.0034;13.7123
1573142620910;75.2174;11.1429;13.6397
1573142621160;75.2277;11.1617;13.6106
1573142621410;75.6207;11.5520;12.8272
1573142621660;75.6098;11.8686;12.5216
1573142621910;74.9345;12.0924;12.9730
1573142622160;73.5729;12.1930;14.2341
1573142622410;72.9982;12.1765;14.8252
1573142622660;72.5280;12.1086;15.3634
1573142622910;72.0796;11.9583;15.9621
1573142623160;72.0205;11.7990;16.1805
1573142623410;72.5695;11.5033;15.9273
1573142623660;73.2958;11.3773;15.3270
1573142623910;74.1892;11.3145;14.4964
1573142624160;74.8911;11.2779;13.8310
1573142624410;74.9911;11.2304;13.7785
1573142624660;74.2487;11.1508;14.6005
1573142624910;72.6924;11.0373;16.2703
1573142625160;72.6924;11.0373;16.2703
1573142625410;72.5901;10.9977;16.4122
1573142625660;72.5788;10.9479;16.4733
1573142625910;72.6710;10.8912;16.4378
1573142626160;74.3399;10.2794;15.3807
1573142626410;75.8328;9.83277;14.3344
1573142626660;76.3205;9.68401;13.9954
1573142626910;75.2880;9.86443;14.8476
1573142627160;74.9053;9.92170;15.1730
1573142627410;74.5411;9.94947;15.5095
1573142627660;74.2094;9.94789;15.8427
1573142627910;73.9333;9.91906;16.1477
1573142628160;73.8942;9.90370;16.2021
1573142628410;73.9001;9.87903;16.2209
1573142628660;73.9525;9.84600;16.2015
1573142628910;74.7877;9.40933;15.8029
1573142629160;75.1848;9.12443;15.6907
1573142629410;75.0664;9.03208;15.9015
1573142629660;74.4238;9.16944;16.4067
1573142629910;73.9129;9.35857;16.7285
1573142630160;73.4452;9.61628;16.9386
1573142630410;72.9908;9.93863;17.0705
1573142630660;72.7241;10.1576;17.1183
1573142630910;72.4296;10.3916;17.1788
1573142631160;72.0508;10.6083;17.3409
1573142631410;71.5367;10.7976;17.6657
1573142631660;71.6327;10.7752;17.5920
1573142631910;71.7040;10.7705;17.5255
1573142632160;71.7456;10.7819;17.4725
1573142632410;71.7546;10.8206;17.4248
1573142632660;71.8033;10.7331;17.4636
1573142632910;71.8816;10.6363;17.4821
1573142633160;71.9883;10.5347;17.4770
1573142633410;72.1571;10.3949;17.4481
1573142633660;72.3618;10.2169;17.4213
1573142633910;72.4805;10.0746;17.4449
1573142634160;72.4745;9.96093;17.5645
1573142634410;72.4154;9.92957;17.6550
1573142634660;72.3340;9.91553;17.7505
1573142634910;72.2264;9.91806;17.8555
1573142635160;72.2428;9.91718;17.8400
1573142635410;72.2735;9.92889;17.7977
1573142635660;72.2536;9.96619;17.7802
1573142635910;72.2098;10.0333;17.7569
1573142636160;72.2050;10.0524;17.7425
1573142636410;72.2109;10.0767;17.7124
1573142636660;72.2271;10.1060;17.6670
1573142636910;72.1151;9.97568;17.9092
1573142637160;72.0793;9.94128;17.9794
1573142637410;72.0458;9.90554;18.0487
1573142637660;72.0211;9.86957;18.1093
1573142637910;71.9641;9.73121;18.3047
1573142638160;71.9465;9.60376;18.4498
1573142638410;71.9718;9.48893;18.5393
1573142638660;71.9914;9.46294;18.5456
1573142638910;72.0891;9.39287;18.5180
1573142639160;72.2133;9.33238;18.4543
1573142639410;72.3553;9.28145;18.3633
1573142639660;72.5484;9.22679;18.2248
1573142639910;72.5484;9.22679;18.2248
1573142640160;72.5484;9.22679;18.2248
1573142640410;72.6638;9.17696;18.1592
1573142640660;72.5699;9.11759;18.3125
1573142640910;72.1362;9.08312;18.7807
1573142641160;71.3831;9.07556;19.5413
1573142641410;73.0793;9.14700;17.7737
1573142641660;74.2371;9.37884;16.3840
1573142641910;74.6943;9.74188;15.5639
1573142642160;74.2951;10.2972;15.4077
1573142642410;74.2951;10.2972;15.4077
1573142642660;74.2951;10.2972;15.4077
1573142642910;74.2951;10.2972;15.4077
1573142643160;74.5925;10.1427;15.2648
