HRV.time;HRV.x;HRV.y;HRV.z
1573142380661;16.0108;48.1762;35.8130
1573142380911;17.8226;51.7928;30.3846
1573142381161;19.6386;54.9263;25.4352
1573142381411;21.3890;57.3775;21.2335
1573142381661;23.0386;59.0776;17.8838
1573142381911;24.5902;60.0863;15.3236
1573142382161;26.0869;60.5516;13.3615
1573142382411;27.5797;60.6324;11.7879
1573142382661;29.1926;60.4083;10.3991
1573142382911;30.8186;59.9301;9.25131
1573142383161;32.4667;59.2376;8.29566
1573142383411;33.8730;58.5572;7.56980
1573142383661;35.3839;57.7739;6.84217
1573142383911;36.9579;56.8347;6.20744
1573142384161;38.5496;55.7029;5.74744
1573142384411;40.1502;54.3420;5.50782
1573142384661;41.7023;52.8020;5.49575
1573142384911;43.2104;51.1339;5.65572
1573142385161;44.5027;49.6760;5.82126
1573142385411;45.8565;48.2262;5.91722
1573142385661;47.2672;46.8038;5.92899
1573142385911;48.7174;45.4107;5.87194
1573142386161;50.1823;44.0357;5.78206
1573142386411;51.6246;42.6754;5.69993
1573142386661;53.0106;41.3375;5.65190
1573142386911;54.3436;40.0131;5.64332
1573142387161;55.6193;38.7205;5.66012
1573142387411;56.8512;37.4773;5.67156
1573142387661;58.4033;35.8321;5.76456
1573142387911;59.7129;34.2920;5.99504
1573142388161;60.8405;32.8892;6.27032
1573142388411;61.7071;31.9082;6.38469
1573142388661;62.6552;31.0471;6.29763
1573142388911;63.6895;30.2814;6.02913
1573142389161;64.7854;29.5814;5.63324
1573142389411;65.9397;28.8874;5.17290
1573142389661;67.0610;28.1957;4.74339
1573142389911;68.1167;27.4883;4.39506
1573142390161;69.0977;26.7548;4.14750
1573142390411;70.2219;25.6861;4.09197
1573142390661;70.9565;24.6284;4.41505
1573142390911;71.4089;23.6217;4.96942
1573142391161;71.7047;22.7024;5.59291
1573142391411;71.9559;21.8952;6.14894
1573142391661;72.2402;21.2085;6.55135
1573142391911;72.5939;20.6384;6.76778
1573142392161;73.0177;20.1713;6.81098
1573142392411;73.4878;19.7899;6.72222
1573142392661;73.9455;19.5342;6.52024
1573142392911;74.5413;19.2913;6.16740
1573142393161;75.2257;19.0449;5.72939
1573142393411;75.9465;18.7816;5.27196
1573142393661;76.6589;18.4917;4.84936
1573142393911;77.3324;18.1705;4.49706
1573142394161;77.8881;17.8707;4.24117
1573142394411;78.4710;17.5344;3.99468
1573142394661;79.0718;17.1642;3.76402
1573142394911;79.6793;16.7632;3.55751
1573142395161;80.3273;16.2866;3.38612
1573142395411;80.9027;15.7930;3.30424
1573142395661;81.4010;15.2911;3.30787
1573142395911;81.8211;14.8063;3.37264
1573142396161;82.2003;14.3276;3.47213
1573142396411;82.5509;13.8620;3.58705
1573142396661;82.8740;13.4434;3.68260
1573142396911;83.2088;13.0448;3.74639
1573142397161;83.5520;12.6689;3.77913
1573142397411;83.8926;12.3186;3.78877
1573142397661;84.2314;11.9588;3.80977
1573142397911;84.4840;11.6440;3.87190
1573142398161;84.6522;11.3765;3.97123
1573142398411;84.7481;11.1589;4.09299
1573142398661;84.7705;10.9835;4.24593
1573142398911;84.7145;10.8777;4.40785
1573142399161;84.6113;10.8408;4.54785
1573142399411;84.5246;10.8627;4.61274
1573142399661;84.4821;10.9301;4.58773
1573142399911;84.4808;11.0373;4.48194
1573142400161;84.5313;11.1483;4.32040
1573142400411;84.6407;11.2659;4.09340
1573142400661;84.7788;11.3819;3.83939
1573142400911;84.9174;11.4816;3.60097
1573142401161;85.0492;11.5642;3.38662
1573142401411;85.1587;11.6263;3.21507
1573142401661;85.2390;11.6663;3.09478
1573142401911;85.2922;11.6849;3.02291
1573142402161;85.3244;11.6844;2.99125
1573142402411;85.3425;11.6680;2.98954
1573142402661;85.3525;11.6392;3.00833
1573142402911;85.3561;11.6014;3.04244
1573142403161;85.3418;11.5580;3.10021
1573142403411;85.2975;11.5166;3.18586
1573142403661;85.2221;11.4814;3.29655
1573142403911;85.1186;11.4568;3.42462
1573142404161;84.8182;11.4671;3.71466
1573142404411;84.2873;11.5559;4.15677
1573142404661;83.5903;11.7299;4.67977
1573142404911;82.8075;11.9939;5.19858
1573142405161;82.0136;12.3501;5.63626
1573142405411;81.2642;12.7969;5.93892
1573142405661;80.5907;13.3267;6.08261
1573142405911;79.9977;13.9281;6.07420
1573142406161;79.4704;14.5857;5.94386
1573142406411;78.9851;15.2808;5.73409
1573142406661;78.6611;15.8429;5.49607
1573142406911;78.4305;16.3881;5.18149
1573142407161;78.2704;16.9027;4.82689
1573142407411;78.2012;17.2983;4.50050
1573142407661;78.2044;17.6404;4.15517
1573142407911;78.2580;17.9218;3.82022
1573142408161;78.3395;18.1353;3.52521
1573142408411;78.4167;18.3039;3.27939
1573142408661;78.4347;18.3941;3.17114
1573142408911;78.3946;18.4105;3.19483
1573142409161;78.3061;18.3619;3.33204
1573142409411;78.1901;18.2612;3.54866
1573142409661;78.0733;18.1232;3.80348
1573142409911;77.9781;17.9618;4.06004
1573142410161;77.9362;17.7999;4.26394
1573142410411;77.9546;17.6317;4.41367
1573142410661;78.0222;17.4625;4.51535
1573142410911;78.1241;17.3054;4.57053
1573142411161;78.2559;17.1471;4.59696
1573142411411;78.3971;16.9895;4.61337
1573142411661;78.5344;16.8333;4.63230
1573142411911;78.6308;16.6342;4.73494
1573142412161;78.5658;16.4737;4.96048
1573142412411;78.3822;16.3615;5.25632
1573142412661;78.1396;16.3068;5.55355
1573142412911;77.8961;16.3153;5.78867
1573142413161;77.6941;16.3874;5.91851
1573142413411;77.5550;16.5175;5.92744
1573142413661;77.4787;16.6944;5.82697
1573142413911;77.4495;16.9020;5.64850
1573142414161;77.4119;17.1515;5.43660
1573142414411;77.3192;17.4070;5.27386
1573142414661;77.1724;17.6539;5.17364
1573142414911;77.1165;17.8031;5.08037
1573142415161;77.1886;17.9138;4.89760
1573142415411;77.3832;17.9795;4.63732
1573142415661;77.6781;17.9916;4.33029
1573142415911;78.0434;17.9402;4.01638
1573142416161;78.4260;17.8172;3.75685
1573142416411;78.7876;17.6179;3.59453
1573142416661;79.1060;17.3378;3.55613
1573142416911;79.3619;16.9897;3.64839
1573142417161;79.5663;16.5880;3.84573
1573142417411;79.7443;16.1555;4.10022
1573142417661;79.9286;15.7039;4.36750
1573142417911;80.1396;15.2490;4.61138
1573142418161;80.3847;14.8043;4.81104
1573142418411;80.6572;14.3772;4.96560
1573142418661;80.9364;13.9777;5.08592
1573142418911;81.1995;13.6113;5.18920
1573142419161;81.4280;13.2785;5.29349
1573142419411;81.6065;12.9895;5.40406
1573142419661;81.7388;12.7484;5.51285
1573142419911;81.8391;12.5598;5.60111
1573142420161;81.9272;12.4261;5.64676
1573142420411;82.0200;12.3473;5.63268
1573142420661;82.1328;12.3191;5.54802
1573142420911;82.2818;12.3270;5.39121
1573142421161;82.4490;12.3623;5.18868
1573142421411;82.6100;12.4149;4.97512
1573142421661;82.7228;12.4936;4.78358
1573142421911;82.7056;12.5877;4.70670
1573142422161;82.5684;12.6914;4.74019
1573142422411;82.4024;12.7821;4.81553
1573142422661;82.2529;12.8673;4.87980
1573142422911;82.1431;12.9476;4.90936
1573142423161;82.0791;13.0226;4.89825
1573142423411;82.0267;13.1007;4.87258
1573142423661;81.9449;13.1771;4.87801
1573142423911;81.8037;13.2512;4.94511
1573142424161;81.5821;13.3245;5.09338
1573142424411;81.2730;13.4026;5.32449
1573142424661;80.8876;13.4944;5.61803
1573142424911;80.4518;13.6116;5.93664
1573142425161;80.0157;13.7611;6.22320
1573142425411;79.5963;13.9565;6.44722
1573142425661;79.2010;14.2070;6.59202
1573142425911;78.8488;14.5014;6.64974
1573142426161;78.5099;14.8501;6.64004
1573142426411;78.1512;15.2526;6.59618
1573142426661;77.7355;15.7111;6.55349
1573142426911;77.2455;16.2177;6.53676
1573142427161;76.6785;16.7718;6.54980
1573142427411;76.0651;17.3606;6.57437
1573142427661;75.4218;17.9952;6.58300
1573142427911;74.7691;18.6775;6.55338
1573142428161;74.1218;19.4034;6.47475
1573142428411;73.3493;20.2826;6.36807
1573142428661;72.4947;21.2060;6.29939
1573142428911;71.5464;22.1600;6.29365
1573142429161;70.7254;22.9579;6.31663
1573142429411;69.9102;23.7536;6.33627
1573142429661;69.1011;24.5408;6.35810
1573142429911;68.1037;25.4639;6.43237
1573142430161;67.0258;26.3795;6.59476
1573142430411;65.8795;27.2885;6.83201
1573142430661;64.6804;28.1948;7.12480
1573142430911;63.5970;29.0082;7.39482
1573142431161;62.5314;29.8272;7.64141
1573142431411;61.4697;30.6546;7.87577
1573142431661;60.3516;31.5147;8.13365
1573142431911;59.1897;32.3774;8.43284
1573142432161;57.9738;33.2475;8.77870
1573142432411;56.7091;34.1332;9.15762
1573142432661;55.4039;35.0535;9.54253
1573142432911;54.0801;36.0239;9.89600
1573142433161;52.7480;37.0651;10.1868
1573142433411;51.4165;38.1870;10.3965
1573142433661;50.0784;39.3948;10.5269
1573142433911;48.7234;40.6796;10.5970
1573142434161;47.3317;42.0322;10.6361
1573142434411;45.7726;43.5304;10.6970
1573142434661;44.1341;45.0556;10.8103
1573142434911;42.4299;46.6103;10.9598
1573142435161;40.6918;48.2009;11.1073
1573142435411;38.9529;49.8398;11.2072
1573142435661;37.2362;51.5359;11.2279
1573142435911;35.6849;53.1668;11.1483
1573142436161;34.1857;54.8290;10.9853
1573142436411;32.7111;56.4657;10.8232
1573142436661;31.2310;57.9959;10.7731
1573142436911;29.7212;59.3353;10.9435
1573142437161;28.1680;60.4203;11.4117
1573142437411;26.5876;61.2158;12.1967
1573142437661;24.9888;61.7365;13.2748
1573142437911;23.4070;62.0144;14.5786
1573142438161;21.8738;62.0930;16.0332
1573142438411;20.2952;61.9693;17.7355
1573142438661;18.7445;61.5951;19.6605
1573142438911;17.2057;60.9041;21.8902
1573142439161;15.6611;59.8089;24.5300
1573142439411;14.1080;58.2466;27.6454
1573142439661;12.5570;56.2189;31.2241
1573142439911;11.0469;53.8388;35.1143
1573142440161;9.78626;51.6339;38.5798
1573142440411;8.68115;49.6792;41.6396
1573142440661;7.76421;48.2427;43.9931
1573142440911;7.06985;47.5954;45.3347
1573142441161;6.63416;47.9876;45.3782
1573142441411;6.51087;49.6207;43.8684
1573142441661;6.77647;52.5228;40.7007
1573142441911;7.58044;56.5054;35.9141
1573142442161;8.86858;59.6549;31.4765
1573142442411;10.2928;59.7395;29.9677
1573142442661;10.0776;60.0755;29.8469
1573142442911;9.86493;60.4483;29.6868
1573142443161;9.65228;60.8325;29.5152
1573142443411;9.43775;61.2030;29.3592
1573142443661;9.24618;61.5006;29.2532
1573142443911;9.05132;61.7539;29.1948
1573142444161;8.85250;61.9458;29.2017
1573142444411;8.64975;62.0651;29.2851
1573142444661;8.44421;62.1109;29.4449
1573142444911;8.23815;62.0940;29.6679
1573142445161;7.94606;61.9891;30.0649
1573142445411;7.66225;61.8266;30.5112
1573142445661;7.39259;61.6602;30.9472
1573142445911;7.14089;61.5371;31.3221
1573142446161;6.90779;61.4845;31.6077
1573142446411;6.69050;61.5034;31.8061
1573142446661;6.40261;61.5527;32.0447
1573142446911;6.12515;61.5358;32.3391
1573142447161;5.85632;61.4277;32.7160
1573142447411;5.80587;61.4165;32.7777
1573142447661;5.75435;61.4442;32.8015
1573142447911;5.78293;61.4016;32.8155
1573142448161;5.81309;61.3270;32.8599
1573142448411;5.82386;61.2934;32.8827
1573142448661;5.73979;61.5668;32.6934
1573142448911;5.64778;61.8377;32.5146
1573142449161;5.76807;61.5250;32.7070
1573142449411;5.71664;61.6377;32.6456
1573142449661;5.66030;61.7331;32.6066
1573142449911;5.59993;61.8137;32.5864
1573142450161;5.53714;61.8894;32.5735
1573142450411;5.87876;61.3693;32.7519
1573142450661;6.24532;60.5395;33.2152
1573142450911;6.60499;59.3899;34.0051
1573142451161;6.84574;58.3969;34.7573
1573142451411;7.07325;57.3112;35.6156
1573142451661;6.67679;59.1240;34.1992
1573142451911;6.10050;61.0541;32.8454
1573142452161;5.51358;62.0010;32.4855
1573142452411;5.41429;61.9978;32.5879
1573142452661;5.31292;61.8619;32.8252
1573142452911;5.52736;62.3559;32.1168
1573142453161;5.74353;62.9779;31.2785
1573142453411;5.87542;63.4117;30.7128
1573142453661;5.76783;63.0131;31.2191
1573142453911;5.67264;62.6224;31.7049
1573142454161;5.59198;62.2762;32.1319
1573142454411;5.13289;59.9517;34.9154
1573142454661;4.81110;57.5658;37.6231
1573142454911;4.65171;55.2923;40.0560
1573142455161;4.68214;53.2846;42.0332
1573142455411;4.90117;51.8570;43.2419
1573142455661;5.32984;50.8772;43.7930
1573142455911;5.98277;50.3108;43.7064
1573142456161;7.16460;49.8515;42.9839
1573142456411;8.62104;49.3865;41.9924
1573142456661;9.19898;49.2923;41.5087
1573142456911;9.56664;49.3464;41.0870
1573142457161;9.94331;49.4942;40.5625
1573142457411;10.3207;49.6913;39.9880
1573142457661;10.6902;49.8896;39.4202
1573142457911;10.9824;50.0237;38.9939
1573142458161;10.6896;49.8988;39.4116
1573142458411;10.3958;49.7669;39.8373
1573142458661;9.91322;49.5522;40.5346
1573142458911;9.43521;49.3626;41.2022
1573142459161;9.30320;49.3404;41.3564
1573142459411;9.17852;49.3754;41.4461
1573142459661;9.06351;49.4817;41.4548
1573142459911;8.40700;50.5434;41.0496
1573142460161;7.84916;51.9017;40.2491
1573142460411;7.41403;53.6024;38.9836
1573142460661;7.05134;56.0775;36.8712
1573142460911;6.86848;58.8277;34.3039
1573142461161;6.86498;63.8177;29.3173
1573142461411;7.17590;67.0777;25.7464
1573142461661;7.61668;68.5593;23.8240
1573142461911;7.50059;68.2595;24.2399
1573142462161;7.34089;67.7720;24.8871
1573142462411;7.14535;67.1966;25.6580
1573142462661;6.72352;66.1198;27.1567
1573142462911;6.33561;65.3837;28.2807
1573142463161;5.94938;65.0308;29.0198
1573142463411;5.80307;65.0879;29.1090
1573142463661;5.65843;65.3495;28.9921
1573142463911;5.51366;65.7803;28.7061
1573142464161;5.71698;64.9996;29.2834
1573142464411;6.00284;63.7637;30.2335
1573142464661;6.31566;62.4004;31.2839
1573142464911;6.80005;60.4107;32.7892
1573142465161;7.33791;58.4140;34.2480
1573142465411;7.96146;56.3947;35.6438
1573142465661;8.64788;54.5186;36.8335
1573142465911;9.39878;52.8565;37.7448
1573142466161;10.4587;51.0407;38.5006
1573142466411;11.6050;49.6199;38.7751
1573142466661;12.8282;48.6599;38.5118
1573142466911;14.1089;48.1882;37.7029
1573142467161;14.5004;48.2007;37.2989
1573142467411;14.8922;48.3514;36.7564
1573142467661;15.2691;48.5904;36.1405
1573142467911;15.8132;49.0077;35.1791
1573142468161;14.3974;47.7785;37.8240
1573142468411;13.0671;46.5283;40.4046
1573142468661;11.8535;45.4760;42.6705
1573142468911;11.1603;45.0710;43.7687
1573142469161;10.5643;45.0476;44.3881
1573142469411;10.0410;45.4182;44.5408
1573142469661;9.10285;46.6881;44.2090
1573142469911;8.11528;48.2687;43.6160
1573142470161;7.07072;49.8575;43.0718
1573142470411;6.25905;50.9034;42.8376
1573142470661;6.18664;50.9913;42.8221
1573142470911;6.11334;51.0875;42.7991
1573142471161;6.03965;51.1937;42.7667
1573142471411;6.68527;50.0446;43.2701
1573142471661;7.35359;48.5091;44.1373
1573142471911;8.02599;46.6336;45.3404
1573142472161;8.40729;45.4321;46.1606
1573142472411;8.33401;45.6708;45.9952
1573142472661;8.26070;45.9037;45.8356
1573142472911;8.18764;46.1251;45.6873
1573142473161;8.03052;46.5650;45.4045
1573142473411;7.87495;46.9470;45.1780
1573142473661;7.72079;47.2521;45.0271
1573142473911;7.81557;47.1189;45.0656
1573142474161;8.13995;46.8611;44.9989
1573142474411;8.47208;46.8190;44.7089
1573142474661;8.27108;46.6827;45.0462
1573142474911;8.29635;46.7203;44.9833
1573142475161;8.32106;46.7735;44.9054
1573142475411;8.34412;46.8361;44.8198
1573142475661;8.74721;48.0850;43.1678
1573142475911;8.36154;46.6966;44.9418
1573142476161;8.06854;45.3525;46.5789
1573142476411;7.86523;44.0473;48.0875
1573142476661;7.77763;42.9197;49.3027
1573142476911;7.81154;42.0044;50.1840
1573142477161;7.97101;41.3137;50.7153
1573142477411;8.30536;40.7469;50.9477
1573142477661;8.78889;40.3655;50.8456
1573142477911;9.41036;40.1103;50.4794
1573142478161;10.5976;39.6783;49.7240
1573142478411;11.8789;39.0057;49.1153
1573142478661;13.1041;38.0691;48.8268
1573142478911;12.9619;38.1783;48.8598
1573142479161;12.8081;38.2604;48.9315
1573142479411;12.6456;38.3241;49.0303
1573142479661;12.4793;38.3843;49.1364
1573142479911;12.3294;38.4498;49.2208
1573142480161;12.1840;38.5361;49.2799
1573142480411;12.0441;38.6460;49.3098
1573142480661;12.0038;38.6854;49.3108
1573142480911;11.9645;38.7291;49.3063
1573142481161;11.9256;38.7739;49.3005
1573142481411;11.8341;38.8740;49.2920
1573142481661;11.5388;39.1539;49.3073
1573142481911;11.2379;39.3935;49.3687
1573142482161;10.9399;39.6074;49.4526
1573142482411;11.1703;39.4171;49.4125
1573142482661;11.3785;39.1849;49.4365
1573142482911;11.5643;38.9224;49.5133
1573142483161;11.9722;38.2352;49.7926
1573142483411;12.3311;37.5946;50.0743
1573142483661;12.6702;37.1008;50.2290
1573142483911;13.0182;36.8218;50.1600
1573142484161;12.3029;36.7399;50.9572
1573142484411;11.3480;36.0457;52.6064
1573142484661;10.0424;34.7480;55.2096
1573142484911;10.0916;34.7957;55.1127
1573142485161;10.1349;34.8235;55.0416
1573142485411;10.1700;34.8235;55.0065
1573142485661;10.4985;34.4516;55.0499
1573142485911;10.5202;34.3932;55.0865
1573142486161;10.5389;34.3257;55.1354
1573142486411;10.3764;34.8251;54.7986
1573142486661;10.1962;35.1697;54.6341
1573142486911;9.98844;35.3982;54.6134
1573142487161;9.77238;35.5526;54.6750
1573142487411;9.71050;35.6015;54.6880
1573142487661;9.85449;35.3816;54.7639
1573142487911;9.95301;35.0560;54.9910
1573142488161;10.0115;34.6661;55.3223
1573142488411;10.0481;34.2895;55.6624
1573142488661;10.0854;34.0100;55.9046
1573142488911;9.76683;34.3670;55.8661
1573142489161;9.24163;33.6121;57.1463
1573142489411;8.74563;32.3428;58.9116
1573142489661;8.47631;31.3339;60.1898
1573142489911;8.51309;31.1551;60.3318
1573142490161;8.79302;31.5815;59.6255
1573142490411;9.32540;32.6197;58.0549
1573142490661;10.0681;34.1113;55.8207
1573142490911;11.2039;36.2828;52.5134
1573142491161;12.4684;38.4343;49.0973
1573142491411;13.7960;40.2685;45.9354
1573142491661;15.0228;41.4314;43.5458
1573142491911;15.0849;41.4638;43.4513
1573142492161;15.1534;41.4824;43.3643
1573142492411;14.7116;41.4088;43.8796
1573142492661;14.0024;41.3028;44.6948
1573142492911;13.2297;41.2182;45.5521
1573142493161;13.3920;41.2098;45.3982
1573142493411;14.0037;40.9681;45.0281
1573142493661;14.5654;40.4473;44.9873
1573142493911;14.4049;40.7012;44.8940
1573142494161;14.2616;41.0216;44.7167
1573142494411;14.1699;41.2759;44.5542
1573142494661;14.0817;41.5386;44.3797
1573142494911;14.3341;40.8175;44.8484
1573142495161;14.7337;39.8006;45.4657
1573142495411;15.1473;38.9199;45.9328
1573142495661;15.4643;38.3759;46.1598
1573142495911;15.2515;38.6584;46.0901
1573142496161;15.0384;38.8785;46.0831
1573142496411;14.8353;39.0586;46.1061
1573142496661;14.6502;39.2180;46.1318
1573142496911;14.6610;39.2078;46.1312
1573142497161;14.6702;39.1978;46.1320
1573142497411;14.6781;39.1885;46.1334
1573142497661;14.6848;39.1806;46.1346
1573142497911;14.6907;39.1743;46.1350
1573142498161;14.6958;39.1695;46.1347
1573142498411;14.6275;39.2307;46.1417
1573142498661;14.5760;39.2870;46.1370
1573142498911;14.6516;39.0055;46.3429
1573142499161;14.5953;38.5848;46.8199
1573142499411;14.4401;38.1006;47.4593
1573142499661;14.2411;37.6754;48.0835
1573142499911;13.9898;37.3473;48.6629
1573142500161;13.6406;37.3205;49.0390
1573142500411;13.4151;37.8693;48.7156
1573142500661;13.3447;38.9832;47.6721
1573142500911;13.4218;40.5613;46.0169
1573142501161;13.4488;40.7742;45.7770
1573142501411;13.4970;41.0417;45.4612
1573142501661;13.5485;41.2877;45.1638
1573142501911;13.6120;41.5666;44.8215
1573142502161;13.6690;41.8026;44.5284
1573142502411;13.6655;41.7892;44.5453
1573142502661;13.6630;41.7809;44.5561
1573142502911;13.6615;41.7776;44.5609
1573142503161;13.6607;41.7784;44.5608
1573142503411;13.6605;41.7823;44.5572
1573142503661;13.6589;41.8985;44.4426
1573142503911;13.6564;42.0277;44.3159
1573142504161;13.6566;41.9905;44.3529
1573142504411;13.6549;41.9503;44.3948
1573142504661;13.6077;41.5467;44.8456
1573142504911;13.5138;41.0908;45.3955
1573142505161;13.3763;40.6199;46.0038
1573142505411;13.3960;40.6703;45.9336
1573142505661;13.4165;40.7061;45.8773
1573142505911;13.5094;40.7911;45.6995
1573142506161;13.6073;40.8084;45.5843
1573142506411;13.5069;40.8209;45.6722
1573142506661;13.3748;40.8339;45.7913
1573142506911;13.2129;40.8439;45.9431
1573142507161;13.0265;40.8619;46.1116
1573142507411;12.1208;40.9788;46.9004
1573142507661;11.2346;41.1656;47.5998
1573142507911;10.4019;41.5579;48.0402
1573142508161;9.67386;42.2440;48.0822
1573142508411;9.07376;43.2571;47.6692
1573142508661;8.60451;44.5777;46.8178
1573142508911;8.25815;46.1475;45.5943
1573142509161;7.98508;48.1463;43.8686
1573142509411;7.83228;50.1862;41.9815
1573142509661;7.79175;52.1929;40.0153
1573142509911;7.85835;54.1147;38.0270
1573142510161;8.02746;55.9085;36.0641
1573142510411;8.11712;56.4998;35.3831
1573142510661;8.23751;57.1013;34.6612
1573142510911;8.38102;57.6488;33.9702
1573142511161;8.53728;58.0634;33.3993
1573142511411;8.73680;58.3204;32.9428
1573142511661;8.92981;58.2547;32.8155
1573142511911;9.03061;58.0605;32.9089
1573142512161;9.13158;57.7538;33.1146
1573142512411;9.36776;56.9142;33.7180
1573142512661;9.72337;55.6620;34.6146
1573142512911;10.1293;54.4303;35.4404
1573142513161;10.5971;53.3152;36.0877
1573142513411;11.3214;51.9328;36.7459
1573142513661;12.1010;50.6338;37.2652
1573142513911;13.6507;47.8147;38.5346
1573142514161;14.9555;44.8046;40.2399
1573142514411;15.7971;42.7337;41.4692
1573142514661;16.5945;41.1903;42.2152
1573142514911;17.4407;40.3120;42.2473
1573142515161;18.4801;40.1133;41.4066
1573142515411;18.4326;40.0905;41.4770
1573142515661;18.3658;40.0364;41.5978
1573142515911;18.5966;40.2450;41.1584
1573142516161;18.8508;40.4630;40.6862
1573142516411;19.1093;40.6431;40.2476
1573142516661;19.3555;40.7451;39.8994
1573142516911;19.0500;40.7397;40.2103
1573142517161;19.0741;40.7283;40.1976
1573142517411;19.0961;40.7062;40.1977
1573142517661;19.4483;40.1842;40.3675
1573142517911;19.7917;39.5594;40.6489
1573142518161;20.1405;38.8724;40.9871
1573142518411;20.3536;38.4467;41.1997
1573142518661;20.5732;38.0041;41.4227
1573142518911;20.7922;37.5415;41.6663
1573142519161;20.9188;37.2506;41.8306
1573142519411;20.9288;37.2255;41.8457
1573142519661;20.9382;37.2002;41.8616
1573142519911;20.9472;37.1756;41.8773
1573142520161;21.2269;36.4414;42.3318
1573142520411;21.5038;35.7909;42.7054
1573142520661;23.2916;31.6577;45.0507
1573142520911;24.4300;28.7001;46.8699
1573142521161;25.1227;26.9012;47.9761
1573142521411;25.1677;26.8595;47.9728
1573142521661;25.2392;26.8867;47.8740
1573142521911;25.3020;26.9452;47.7528
1573142522161;25.3783;27.0381;47.5836
1573142522411;25.2832;26.9068;47.8100
1573142522661;25.0322;26.5378;48.4301
1573142522911;24.7849;26.1584;49.0567
1573142523161;24.5598;25.7969;49.6432
1573142523411;24.3739;25.4787;50.1474
1573142523661;24.2413;25.2249;50.5338
1573142523911;23.9728;24.6333;51.3940
1573142524161;23.8824;24.3636;51.7539
1573142524411;23.9812;24.4321;51.5867
1573142524661;24.2613;24.8319;50.9068
1573142524911;24.6905;25.5269;49.7826
1573142525161;25.6437;27.4093;46.9470
1573142525411;26.4212;29.5630;44.0158
1573142525661;26.8469;31.4221;41.7310
1573142525911;26.8023;31.2069;41.9908
1573142526161;26.7403;31.0054;42.2543
1573142526411;26.6619;30.8263;42.5118
1573142526661;26.5687;30.6781;42.7532
1573142526911;26.4979;30.6042;42.8979
1573142527161;26.4219;30.5608;43.0173
1573142527411;26.3423;30.5509;43.1067
1573142527661;25.9205;30.6701;43.4094
1573142527911;25.4502;30.9552;43.5946
1573142528161;24.9430;31.4025;43.6545
1573142528411;24.4734;31.9323;43.5943
1573142528661;23.9912;32.5780;43.4308
1573142528911;23.2761;33.6208;43.1030
1573142529161;22.5259;34.7334;42.7407
1573142529411;21.7703;35.8412;42.3885
1573142529661;21.0050;36.9410;42.0540
1573142529911;20.4037;37.8058;41.7904
1573142530161;19.9580;38.4770;41.5650
1573142530411;19.5479;39.1456;41.3065
1573142530661;19.1757;39.8078;41.0165
1573142530911;18.8894;40.3563;40.7543
1573142531161;18.4335;41.2237;40.3428
1573142531411;17.9817;41.9741;40.0442
1573142531661;17.5187;42.5678;39.9135
1573142531911;17.1094;42.9248;39.9658
1573142532161;16.6879;43.1391;40.1730
1573142532411;16.2613;43.2369;40.5018
1573142532661;16.2046;43.2429;40.5524
1573142532911;16.3260;43.2217;40.4523
1573142533161;16.4308;43.1808;40.3884
1573142533411;16.5487;43.0989;40.3524
1573142533661;16.4703;43.1672;40.3625
1573142533911;16.3886;43.2293;40.3821
1573142534161;16.3736;43.2371;40.3893
1573142534411;16.4789;43.2057;40.3155
1573142534661;16.5944;43.1904;40.2151
1573142534911;16.7195;43.1864;40.0941
1573142535161;16.7195;43.1864;40.0941
1573142535411;16.8635;43.1773;39.9592
1573142535661;17.0051;43.1459;39.8490
1573142535911;17.1413;43.0869;39.7718
1573142536161;16.8831;43.2350;39.8819
1573142536411;16.6132;43.3936;39.9932
1573142536661;16.3303;43.5483;40.1214
1573142536911;16.0351;43.6892;40.2757
1573142537161;15.7075;43.8241;40.4684
1573142537411;15.3789;43.9504;40.6707
1573142537661;15.4286;43.9269;40.6445
1573142537911;15.6166;43.7899;40.5935
1573142538161;15.7775;43.6111;40.6114
1573142538411;15.8624;43.4836;40.6540
1573142538661;15.7418;43.6763;40.5819
1573142538911;15.6166;43.8362;40.5472
1573142539161;15.4791;43.9412;40.5797
1573142539411;15.2759;43.9890;40.7350
1573142539661;15.3021;43.9929;40.7050
1573142539911;15.3295;44.0032;40.6673
1573142540161;15.3573;44.0165;40.6262
1573142540411;15.1088;43.8911;41.0001
1573142540661;14.8649;43.7807;41.3544
1573142540911;14.6320;43.7094;41.6586
1573142541161;14.4129;43.6904;41.8967
1573142541411;14.1600;43.7307;42.1093
1573142541661;13.9177;43.8228;42.2595
1573142541911;12.6155;44.2217;43.1628
1573142542161;11.2742;44.2857;44.4401
1573142542411;10.0910;44.2378;45.6712
1573142542661;9.19755;44.3949;46.4075
1573142542911;8.64898;45.0107;46.3403
1573142543161;8.43837;46.2167;45.3450
1573142543411;8.53668;48.0137;43.4496
1573142543661;8.88019;50.1507;40.9691
1573142543911;9.42265;52.5195;38.0578
1573142544161;10.1234;54.8895;34.9871
1573142544411;10.2212;55.1629;34.6159
1573142544661;10.3437;55.4540;34.2023
1573142544911;10.4764;55.7002;33.8234
1573142545161;10.6146;55.8729;33.5125
1573142545411;10.6581;55.9002;33.4417
1573142545661;10.6192;55.8968;33.4840
1573142545911;10.5792;55.9103;33.5104
1573142546161;10.5030;55.9602;33.5367
1573142546411;10.6586;55.8120;33.5294
1573142546661;10.8152;55.6086;33.5762
1573142546911;10.9692;55.3471;33.6837
1573142547161;11.2528;54.7156;34.0316
1573142547411;12.1022;52.0795;35.8183
1573142547661;12.8386;48.9070;38.2544
1573142547911;13.4624;45.5414;40.9963
1573142548161;13.6314;44.6274;41.7412
1573142548411;13.8158;43.8489;42.3354
1573142548661;13.9287;43.5289;42.5424
1573142548911;14.5199;42.4577;43.0224
1573142549161;15.1428;41.7270;43.1301
1573142549411;15.7710;41.2619;42.9671
1573142549661;16.0462;41.1485;42.8052
1573142549911;16.1092;41.1408;42.7500
1573142550161;16.1713;41.1478;42.6809
1573142550411;16.0841;41.1201;42.7958
1573142550661;16.0118;41.0830;42.9052
1573142550911;15.9389;41.0327;43.0284
1573142551161;15.8655;40.9716;43.1629
1573142551411;15.8500;40.9573;43.1927
1573142551661;16.0039;41.1019;42.8942
1573142551911;16.1366;41.2141;42.6492
1573142552161;16.2138;41.2592;42.5270
1573142552411;16.2635;41.2546;42.4819
1573142552661;16.2828;41.1965;42.5207
1573142552911;16.3010;41.6651;42.0339
1573142553161;16.3877;42.2137;41.3986
1573142553411;16.5382;42.8075;40.6544
1573142553661;16.7506;43.4109;39.8385
1573142553911;16.9145;43.7567;39.3288
1573142554161;17.1317;44.1095;38.7588
1573142554411;17.4020;44.4540;38.1440
1573142554661;17.7116;44.7583;37.5301
1573142554911;18.1510;45.0641;36.7849
1573142555161;18.6166;45.2392;36.1442
1573142555411;19.0880;45.2423;35.6698
1573142555661;19.5236;45.0557;35.4208
1573142555911;19.4321;45.1307;35.4372
1573142556161;19.3376;45.2357;35.4267
1573142556411;19.2533;45.3523;35.3944
1573142556661;19.1001;45.5964;35.3035
1573142556911;18.9424;45.8639;35.1937
1573142557161;18.7784;46.1389;35.0826
1573142557411;18.8125;46.0854;35.1021
1573142557661;18.8477;46.0363;35.1160
1573142557911;18.8846;45.9946;35.1207
1573142558161;18.8691;46.0075;35.1234
1573142558411;18.8772;46.0031;35.1197
1573142558661;18.8855;46.0007;35.1138
1573142558911;18.8939;45.9998;35.1063
1573142559161;19.0089;46.0030;34.9881
1573142559411;19.1194;46.0148;34.8658
1573142559661;19.2249;46.0309;34.7441
1573142559911;19.0105;45.9875;35.0019
1573142560161;18.7933;45.9329;35.2738
1573142560411;18.5719;45.8753;35.5528
1573142560661;18.3470;45.8277;35.8253
1573142560911;18.2852;45.8230;35.8918
1573142561161;18.2253;45.8326;35.9421
1573142561411;18.1678;45.8610;35.9712
1573142561661;18.1404;45.8860;35.9735
1573142561911;18.1143;45.9219;35.9638
1573142562161;18.0887;45.9670;35.9443
1573142562411;18.1017;45.9411;35.9572
1573142562661;18.1155;45.9136;35.9710
1573142562911;18.6629;44.8631;36.4740
1573142563161;19.2413;43.8311;36.9276
1573142563411;19.7081;43.1120;37.1800
1573142563661;20.2147;42.4672;37.3181
1573142563911;20.7538;41.8994;37.3468
1573142564161;21.9802;40.7341;37.2857
1573142564411;23.1389;39.6267;37.2344
1573142564661;24.1705;38.5869;37.2426
1573142564911;25.0343;37.6516;37.3141
1573142565161;25.1003;37.5863;37.3134
1573142565411;25.1639;37.5433;37.2928
1573142565661;25.2250;37.5244;37.2506
1573142565911;25.2515;37.5266;37.2219
1573142566161;25.2760;37.5385;37.1854
1573142566411;25.2979;37.5586;37.1435
1573142566661;25.3164;37.5849;37.0986
1573142566911;25.3314;37.6161;37.0524
1573142567161;25.3431;37.6510;37.0060
1573142567411;25.3520;37.6887;36.9593
1573142567661;25.3396;37.6205;37.0398
1573142567911;25.3286;37.5499;37.1216
1573142568161;25.3188;37.4797;37.2015
1573142568411;25.3102;37.4068;37.2830
1573142568661;25.3189;37.6231;37.0580
1573142568911;25.2922;37.7713;36.9365
1573142569161;25.2274;37.8394;36.9333
1573142569411;25.3136;37.8470;36.8394
1573142569661;25.4109;37.9157;36.6734
1573142569911;25.5124;38.0354;36.4522
1573142570161;25.5927;38.1631;36.2442
1573142570411;25.5230;38.0316;36.4454
1573142570661;25.4545;37.8912;36.6543
1573142570911;25.3917;37.7549;36.8534
1573142571161;25.3210;37.5980;37.0809
1573142571411;25.0781;37.1354;37.7865
1573142571661;24.8213;36.8033;38.3754
1573142571911;24.5767;36.6589;38.7644
1573142572161;24.3549;36.7382;38.9069
1573142572411;24.1672;37.0712;38.7616
1573142572661;24.0409;37.5902;38.3689
1573142572911;23.9464;38.3266;37.7270
1573142573161;23.8624;39.2379;36.8998
1573142573411;23.7595;40.2579;35.9825
1573142573661;23.6076;41.3051;35.0873
1573142573911;23.3832;42.2961;34.3207
1573142574161;23.0767;43.1618;33.7615
1573142574411;23.0129;43.2926;33.6945
1573142574661;22.9473;43.4005;33.6521
1573142574911;22.8819;43.4828;33.6353
1573142575161;23.0831;43.2865;33.6304
1573142575411;23.2229;43.1964;33.5807
1573142575661;23.3468;43.2032;33.4501
1573142575911;23.4669;43.3296;33.2035
1573142576161;23.5942;43.5900;32.8159
1573142576411;23.6407;43.7173;32.6421
1573142576661;23.6936;43.8835;32.4229
1573142576911;23.5774;43.4908;32.9317
1573142577161;23.4638;43.0817;33.4545
1573142577411;23.3725;42.7075;33.9201
1573142577661;23.3206;42.4146;34.2648
1573142577911;23.1913;41.2060;35.6027
1573142578161;23.1405;40.5333;36.3262
1573142578411;23.1356;40.4703;36.3941
1573142578661;23.0958;40.9908;35.9133
1573142578911;22.9503;41.8425;35.2072
1573142579161;22.6145;42.9256;34.4599
1573142579411;22.7144;42.6509;34.6347
1573142579661;22.8231;42.3362;34.8406
1573142579911;22.9475;42.0048;35.0478
1573142580161;23.0877;41.6697;35.2426
1573142580411;23.9067;39.1328;36.9604
1573142580661;24.2748;36.3607;39.3645
1573142580911;24.2163;33.7072;42.0765
1573142581161;23.9387;31.7542;44.3071
1573142581411;23.9437;31.8016;44.2547
1573142581661;23.9340;31.8253;44.2406
1573142581911;23.9080;31.8220;44.2700
1573142582161;23.7341;31.6970;44.5689
1573142582411;23.5071;31.4782;45.0147
1573142582661;23.2518;31.1967;45.5514
1573142582911;23.1731;31.1012;45.7257
1573142583161;23.1654;31.0909;45.7437
1573142583411;23.1595;31.0820;45.7585
1573142583661;23.1559;31.0753;45.7689
1573142583911;23.1380;31.0144;45.8476
1573142584161;23.1493;30.9863;45.8643
1573142584411;23.1835;30.9858;45.8307
1573142584661;23.8027;31.2705;44.9267
1573142584911;24.0734;31.6943;44.2323
1573142585161;23.9186;32.2096;43.8718
1573142585411;23.9109;32.2312;43.8579
1573142585661;23.9096;32.2643;43.8261
1573142585911;23.9152;32.3095;43.7753
1573142586161;23.9265;32.3649;43.7086
1573142586411;23.9223;32.3471;43.7306
1573142586661;23.9178;32.3288;43.7535
1573142586911;23.9137;32.3109;43.7753
1573142587161;23.8941;32.2117;43.8942
1573142587411;23.8787;32.1219;43.9995
1573142587661;23.8656;32.0411;44.0933
1573142587911;23.8370;31.8934;44.2696
1573142588161;23.8107;31.7963;44.3930
1573142588411;23.7764;31.7071;44.5166
1573142588661;23.7337;31.6284;44.6379
1573142588911;23.6632;31.5392;44.7976
1573142589161;23.5855;31.4809;44.9336
1573142589411;23.5050;31.4622;45.0328
1573142589661;23.5571;31.4428;45.0001
1573142589911;23.6029;31.3895;45.0076
1573142590161;23.6450;31.3057;45.0493
1573142590411;23.6879;31.1973;45.1148
1573142590661;23.7192;31.1172;45.1636
1573142590911;23.7575;31.0299;45.2125
1573142591161;23.8044;30.9385;45.2571
1573142591411;23.7856;30.9698;45.2446
1573142591661;24.0574;30.5563;45.3863
1573142591911;24.3442;30.1308;45.5251
1573142592161;24.7132;29.5910;45.6958
1573142592411;25.0919;29.0516;45.8564
1573142592661;25.4849;28.5276;45.9874
1573142592911;26.0581;27.8311;46.1108
1573142593161;26.6044;27.2437;46.1519
1573142593411;27.1719;26.7233;46.1048
1573142593661;27.7569;26.2727;45.9704
1573142593911;28.1540;26.0193;45.8267
1573142594161;28.5624;25.8020;45.6357
1573142594411;28.9726;25.6131;45.4143
1573142594661;29.3766;25.4461;45.1773
1573142594911;29.7139;25.3185;44.9677
1573142595161;30.0434;25.2039;44.7527
1573142595411;30.3641;25.1012;44.5347
1573142595661;30.7315;24.9905;44.2779
1573142595911;31.0744;24.8877;44.0379
1573142596161;31.3832;24.7863;43.8305
1573142596411;31.6466;24.6791;43.6743
1573142596661;31.6420;24.6815;43.6764
1573142596911;31.6381;24.6845;43.6775
1573142597161;31.6350;24.6879;43.6772
1573142597411;31.6445;24.6705;43.6850
1573142597661;31.6492;24.6517;43.6991
1573142597911;31.6493;24.6327;43.7180
1573142598161;31.6688;24.7722;43.5590
1573142598411;31.6938;24.8928;43.4133
1573142598661;31.7218;24.9830;43.2951
1573142598911;31.7525;25.0330;43.2146
1573142599161;31.7703;25.0332;43.1965
1573142599411;31.7942;25.0070;43.1988
1573142599661;31.8233;24.9504;43.2263
1573142599911;31.8101;24.9845;43.2055
1573142600161;31.6927;25.3139;42.9934
1573142600411;31.5434;25.7447;42.7119
1573142600661;31.3666;26.2752;42.3583
1573142600911;31.2650;26.5935;42.1415
1573142601161;31.1525;26.9498;41.8977
1573142601411;31.0237;27.3316;41.6448
1573142601661;31.1791;26.9103;41.9106
1573142601911;31.3511;26.4922;42.1567
1573142602161;31.5434;26.0918;42.3648
1573142602411;31.6578;25.8941;42.4482
1573142602661;31.6683;25.8793;42.4525
1573142602911;31.6794;25.8665;42.4541
1573142603161;31.6909;25.8558;42.4532
1573142603411;31.5393;25.9638;42.4969
1573142603661;31.3863;26.0381;42.5756
1573142603911;31.2320;26.0751;42.6929
1573142604161;31.1120;26.0724;42.8156
1573142604411;30.5316;25.9089;43.5595
1573142604661;29.9341;25.6040;44.4619
1573142604911;29.3450;25.1825;45.4725
1573142605161;28.8480;24.7252;46.4268
1573142605411;28.4316;24.2372;47.3312
1573142605661;28.1302;23.7580;48.1118
1573142605911;26.9714;21.3932;51.6354
1573142606161;26.1631;19.5058;54.3311
1573142606411;25.6752;17.9404;56.3843
1573142606661;25.5308;16.7848;57.6844
1573142606911;25.6784;16.0768;58.2448
1573142607161;25.9582;16.1326;57.9092
1573142607411;26.0967;17.1620;56.7413
1573142607661;25.7299;19.2310;55.0391
1573142607911;24.5185;22.2755;53.2060
1573142608161;22.3536;25.8862;51.7602
1573142608411;21.9592;26.4547;51.5860
1573142608661;21.7513;26.7548;51.4939
1573142608911;21.5520;27.0210;51.4270
1573142609161;21.3491;27.2299;51.4210
1573142609411;21.2110;27.3103;51.4788
1573142609661;21.0576;27.3274;51.6150
1573142609911;20.8881;27.2778;51.8342
1573142610161;20.7984;27.2227;51.9789
1573142610411;20.8864;27.3005;51.8131
1573142610661;20.9648;27.3904;51.6448
1573142610911;21.0260;27.4812;51.4928
1573142611161;21.0645;27.5635;51.3720
1573142611411;20.6879;26.2960;53.0161
1573142611661;20.4923;25.2215;54.2863
1573142611911;20.4633;24.3649;55.1718
1573142612161;20.5646;23.6777;55.7577
1573142612411;20.7311;23.2574;56.0115
1573142612661;20.8934;23.1343;55.9723
1573142612911;21.0622;23.2213;55.7165
1573142613161;21.1877;23.5051;55.3071
1573142613411;21.2375;23.9562;54.8063
1573142613661;21.2516;24.1491;54.5993
1573142613911;21.2857;24.3563;54.3580
1573142614161;21.3291;24.5588;54.1122
1573142614411;21.3370;24.5845;54.0785
1573142614661;21.3471;24.6032;54.0497
1573142614911;20.8496;24.4043;54.7462
1573142615161;19.9843;24.5807;55.4350
1573142615411;19.0378;25.1119;55.8503
1573142615661;18.1067;26.0184;55.8749
1573142615911;17.3056;27.2877;55.4067
1573142616161;16.8943;28.4248;54.6808
1573142616411;16.6531;29.8168;53.5301
1573142616661;16.5721;31.4259;52.0020
1573142616911;16.6275;33.1886;50.1838
1573142617161;16.6661;33.5628;49.7711
1573142617411;16.7303;33.9432;49.3265
1573142617661;16.8094;34.3016;48.8890
1573142617911;16.8407;34.4176;48.7417
1573142618161;16.8705;34.5068;48.6227
1573142618411;16.8962;34.5639;48.5399
1573142618661;16.8823;34.5479;48.5697
1573142618911;16.8713;34.5524;48.5762
1573142619161;16.8627;34.5744;48.5630
1573142619411;16.8556;34.6099;48.5345
1573142619661;16.8285;34.8013;48.3702
1573142619911;16.8031;35.0179;48.1790
1573142620161;16.7816;35.2503;47.9681
1573142620411;16.7843;35.1927;48.0230
1573142620661;16.7831;35.1330;48.0838
1573142620911;16.7778;35.0733;48.1489
1573142621161;16.7686;35.0167;48.2147
1573142621411;16.7340;34.8800;48.3860
1573142621661;16.6932;34.7728;48.5341
1573142621911;16.6494;34.7048;48.6458
1573142622161;16.6335;34.6966;48.6699
1573142622411;16.6180;34.7053;48.6767
1573142622661;16.6025;34.7290;48.6684
1573142622911;16.6692;34.5803;48.7505
1573142623161;16.7325;34.4211;48.8464
1573142623411;16.8050;34.2508;48.9442
1573142623661;16.8897;34.0832;49.0272
1573142623911;16.3641;34.8339;48.8020
1573142624161;15.7236;35.4606;48.8158
1573142624411;15.0293;35.9997;48.9710
1573142624661;14.3457;36.5220;49.1323
1573142624911;14.0158;36.8403;49.1439
1573142625161;13.7377;37.2292;49.0331
1573142625411;13.5120;37.6825;48.8055
1573142625661;13.3099;38.2174;48.4727
1573142625911;13.1950;38.5680;48.2370
1573142626161;13.0910;38.8729;48.0361
1573142626411;12.9659;39.1466;47.8875
1573142626661;12.8343;39.3054;47.8603
1573142626911;12.7567;39.3353;47.9080
1573142627161;12.6804;39.3193;48.0003
1573142627411;12.6769;39.3172;48.0059
1573142627661;12.7241;39.3554;47.9204
1573142627911;12.7616;39.3901;47.8482
1573142628161;12.7616;39.3901;47.8482
1573142628411;12.7561;39.3825;47.8614
1573142628661;12.7503;39.3728;47.8769
1573142628911;12.7437;39.3610;47.8953
1573142629161;12.7342;39.3435;47.9223
1573142629411;12.7192;39.3178;47.9630
1573142629661;12.7045;39.2961;47.9994
1573142629911;12.7089;39.3010;47.9901
1573142630161;12.7237;39.3088;47.9675
1573142630411;12.7357;39.3067;47.9576
1573142630661;12.7456;39.2996;47.9548
1573142630911;12.7547;39.2932;47.9521
1573142631161;12.7513;39.2932;47.9556
1573142631411;12.7476;39.2896;47.9628
1573142631661;12.7371;39.2682;47.9947
1573142631911;12.7432;39.2904;47.9664
1573142632161;12.7454;39.3150;47.9396
1573142632411;12.7427;39.3454;47.9120
1573142632661;12.7353;39.3806;47.8841
1573142632911;12.7563;39.2799;47.9638
1573142633161;12.7771;39.1369;48.0860
1573142633411;12.7836;39.0693;48.1471
1573142633661;12.7683;39.2757;47.9559
1573142633911;12.7509;39.5079;47.7411
1573142634161;12.7372;39.6539;47.6088
1573142634411;12.7457;39.5903;47.6640
1573142634661;12.7573;39.5322;47.7105
1573142634911;12.7727;39.4826;47.7447
1573142635161;12.8246;39.3718;47.8035
1573142635411;12.9263;39.2158;47.8579
1573142635661;13.0336;39.0813;47.8851
1573142635911;13.1240;38.9767;47.8993
1573142636161;12.9833;39.1258;47.8908
1573142636411;12.8399;39.2504;47.9097
1573142636661;12.6056;39.3861;48.0083
1573142636911;12.4703;39.4163;48.1134
1573142637161;12.3239;39.3970;48.2792
1573142637411;12.1653;39.3261;48.5086
1573142637661;11.9973;39.2139;48.7888
1573142637911;11.8753;39.1215;49.0032
1573142638161;11.7577;39.0408;49.2015
1573142638411;11.6511;38.9962;49.3527
1573142638661;11.5603;39.0075;49.4321
1573142638911;11.4876;39.0848;49.4276
1573142639161;11.1425;39.8648;48.9927
1573142639411;10.8313;40.8860;48.2827
1573142639661;10.5684;41.9380;47.4936
1573142639911;10.3069;43.0525;46.6406
1573142640161;10.0399;44.1549;45.8053
1573142640411;9.74242;45.2891;44.9685
1573142640661;9.45116;46.3124;44.2365
1573142640911;9.32316;46.7666;43.9103
1573142641161;9.21038;47.1896;43.6001
1573142641411;9.11995;47.4888;43.3912
1573142641661;9.02731;47.6420;43.3307
1573142641911;9.03033;47.6439;43.3258
1573142642161;8.99263;47.5449;43.4625
1573142642411;8.94541;47.3513;43.7033
1573142642661;8.88987;47.0687;44.0415
1573142642911;8.71297;46.0298;45.2573
1573142643161;8.54918;44.9274;46.5234
