tempr.peak_time;tempr.peak_dat;tempr.rise_time;tempr.max_deriv;tempr.amplitude;tempr.max_deriv2
1573142111692;24.8425;16334;4.47321e-06;-0.0154648;0.000259482
1573142125358;24.8513;13666;0.00144938;0.00878143;0.000176673
1573142129692;24.8501;4334;0.000180533;-0.00115967;0.000343580
1573142136358;24.8565;6666;0.00185380;0.00641060;0.000376454
1573142137692;24.8568;1334;4.35207e-05;0.000230789;0.000176138
1573142142358;24.8607;4666;0.00110694;0.00394630;0.000176138
1573142150358;24.8332;8000;0.000322577;-0.0275249;0.00103412
1573142157692;24.8413;7334;0.00177796;0.00815392;0.00103412
1573142162358;24.8441;4666;0.000928374;0.00277328;1.42606e-05
1573142171692;24.8538;9334;0.00218443;0.00965881;0.000226090
1573142174025;24.8537;2333;4.61052e-05;-0.000101089;5.81175e-05
1573142174025;24.8537;0;4.61052e-05;0.00000;5.81175e-05
1573142190025;24.8640;16000;0.00145853;0.0103683;0.000142622
1573142193358;24.8633;3333;3.19225e-05;-0.000682831;0.000230936
1573142204358;24.8705;11000;0.00125932;0.00713730;0.000244281
1573142220692;24.8788;16334;0.000919984;0.00835991;6.75436e-05
1573142243692;24.9143;23000;0.00303857;0.0354118;0.000334249
1573142244692;24.9143;1000;7.18691e-05;7.24792e-05;-8.54511e-05
1573142245692;24.9143;1000;0.000139770;-7.62939e-05;2.25614e-05
1573142260358;24.9261;14666;0.00148567;0.0118370;0.000178280
1573142268025;24.9309;7667;0.000957898;0.00485420;7.56746e-05
1573142283025;24.9693;15000;0.00428737;0.0383911;0.000489945
1573142297025;25.0140;14000;0.00745300;0.0446739;0.000858105
1573142305025;25.0062;8000;0.000100188;-0.00778198;0.000332119
1573142323692;25.0367;18667;0.00266198;0.0304661;0.000353682
1573142334358;25.0286;10666;0.000131719;-0.00810814;0.000219895
1573142338025;25.0292;3667;0.000783781;0.000604630;0.000219895
1573142341692;25.0281;3667;0.000163666;-0.00112152;0.000522712
1573142347358;25.0365;5666;0.00273874;0.00845146;0.000531270
1573142350025;25.0371;2667;0.000253979;0.000602722;0.000316973
1573142361025;25.0546;11000;0.00211515;0.0174503;0.000410499
1573142368358;25.0469;7333;3.55568e-05;-0.00772285;0.000790712
1573142382692;25.0952;14334;0.00610480;0.0483150;0.000998864
1573142391358;25.0930;8666;4.16848e-05;-0.00211716;0.000186878
1573142400692;25.0996;9334;0.00113718;0.00655365;0.000192732
1573142411025;25.1084;10333;0.00127420;0.00882721;0.000112847
1573142415025;25.1077;4000;0.000185990;-0.000749588;0.000207574
1573142433692;25.1327;18667;0.00315943;0.0250244;0.000317676
1573142438358;25.1355;4666;0.000714225;0.00279808;1.24954e-05
1573142444358;25.1386;6000;0.000673951;0.00312233;2.88192e-05
1573142465025;25.1794;20667;0.00475042;0.0407963;0.000462348
1573142469358;25.1774;4333;0.000124318;-0.00205421;0.000307198
1573142477358;25.1818;8000;0.00100842;0.00444221;0.000307198
1573142495025;25.1946;17667;0.00172294;0.0128021;0.000128411
1573142501692;25.2018;6667;0.00134881;0.00715637;2.74344e-05
1573142510692;25.1889;9000;0.000224461;-0.0128384;0.000441555
1573142522692;25.2085;12000;0.00471178;0.0195847;0.000513044
1573142527358;25.1950;4666;0.00100763;-0.0135117;0.00229998
1573142532692;25.2222;5334;0.0101225;0.0271721;0.00229998
1573142539025;25.1907;6333;0.000181947;-0.0315151;0.00140939
1573142551358;25.2265;12333;0.00629047;0.0358181;0.00140939
1573142558358;25.1978;7000;0.000926221;-0.0286751;0.00186067
1573142565025;25.2198;6667;0.00549626;0.0219765;0.00186067
1573142573025;25.1991;8000;-0.000597684;-0.0206718;4.86368e-05
1573142580025;25.1859;7000;0.000208169;-0.0131874;0.000536975
1573142585358;25.1880;5333;0.000547213;0.00208855;0.000536975
1573142587025;25.1882;1667;4.69416e-05;0.000190735;0.000161963
1573142596025;25.1939;9000;0.00124065;0.00570107;0.000198872
1573142598025;25.1934;2000;1.64682e-05;-0.000452042;0.000449463
1573142598358;25.1935;333;8.78523e-05;5.53131e-05;0.000533377
1573142613358;25.2226;15000;0.00419546;0.0290909;0.000586821
1573142618358;25.2247;5000;0.000510315;0.00212860;5.58034e-05
1573142622358;25.2264;4000;0.000550459;0.00171280;1.31503e-06
1573142632025;25.2351;9667;0.00209570;0.00868225;0.000260494
1573142634358;25.2361;2333;0.000472936;0.000940323;0.000685371
1573142641692;25.2577;7334;0.00504345;0.0216064;0.000749488
1573142644692;25.2568;3000;2.44726e-05;-0.000907898;4.34915e-05
1573142649358;25.2577;4666;0.000384837;0.000980377;4.92998e-05
1573142661025;25.2367;11667;6.48696e-05;-0.0210705;0.00111149
1573142666358;25.2493;5333;0.00485880;0.0126324;0.00111149
1573142673025;25.2252;6667;0.000137832;-0.0240974;0.000902183
1573142692358;25.2703;19333;0.00571255;0.0451107;0.000902183
1573142698358;25.2660;6000;0.000200476;-0.00432587;0.000758521
1573142711025;25.3055;12667;0.00604997;0.0394859;0.000992622
1573142716025;25.3127;5000;0.00178096;0.00718498;2.53213e-06
1573142725358;25.3250;9333;0.00174239;0.0123291;6.07298e-05
1573142733025;25.3141;7667;0.000272316;-0.0108490;0.000638000
1573142750358;25.3487;17333;0.00262766;0.0345612;0.000638000
1573142759358;25.3557;9000;0.00131432;0.00702286;3.77692e-05
1573142759692;25.3558;334;3.48202e-05;5.91278e-05;2.23382e-05
1573142760358;25.3559;666;2.09566e-05;8.01086e-05;8.42024e-05
1573142778692;25.3782;18334;0.00281820;0.0223598;0.000321180
1573142779692;25.3788;1000;1.55734e-06;0.000595093;7.54619e-05
1573142800358;25.3993;20666;0.00218939;0.0204487;0.000294154
1573142813692;25.4042;13334;0.000691963;0.00493622;9.01063e-05
1573142814358;25.4043;666;1.67387e-05;0.000106812;6.01822e-06
1573142814358;25.4043;0;1.67387e-05;0.00000;6.01822e-06
1573142823692;25.4078;9334;0.000635205;0.00350189;8.46077e-05
1573142827358;25.4074;3666;5.67227e-05;-0.000442505;0.000303076
1573142840692;25.4263;13334;0.00208350;0.0189152;0.000362071
1573142841692;25.4267;1000;8.39305e-05;0.000398636;0.000136563
1573142854692;25.4409;13000;0.00192484;0.0142326;0.000260676
1573142858692;25.4402;4000;6.68089e-05;-0.000751495;0.000136270
1573142867025;25.4424;8333;0.000513953;0.00219727;0.000136270
1573142874358;25.4438;7333;0.000377056;0.00140572;5.46358e-05
1573142875692;25.4438;1334;3.04795e-06;7.05719e-05;6.19970e-05
1573142881692;25.4454;6000;0.000523481;0.00156593;6.19970e-05
1573142885358;25.4449;3666;4.76187e-05;-0.000459671;0.000118431
1573142900692;25.4652;15334;0.00251125;0.0202694;0.000270760
1573142909692;25.4842;9000;0.00280827;0.0189857;0.000161067
1573142930025;25.5299;20333;0.00535665;0.0457516;0.000543618
1573142937358;25.5333;7333;0.000778301;0.00335884;4.62463e-05
1573142948358;25.5181;11000;0.000194515;-0.0151939;0.000485567
1573142954025;25.5232;5667;0.000878443;0.00503922;0.000485567
1573142967692;25.5297;13667;0.00109294;0.00654221;4.94905e-06
1573142970358;25.5296;2666;5.84552e-06;-6.29425e-05;5.11935e-05
1573142983358;25.5344;13000;0.000961625;0.00476456;9.25539e-05
1573142985692;25.5346;2334;0.000244160;0.000196457;0.000459044
1573142991692;25.5448;6000;0.00314708;0.0102043;0.000463368
1573142995025;25.5436;3333;0.000105156;-0.00118828;0.000630251
1573143000692;25.5538;5667;0.00344082;0.0101738;0.000642547
1573143007025;25.5410;6333;0.000146070;-0.0128078;0.000575176
1573143015025;25.5458;8000;0.000971669;0.00482750;0.000575176
1573143015358;25.5458;333;0.000100659;-1.14441e-05;5.81700e-05
1573143017692;25.5465;2334;0.000219914;0.000665665;0.000555308
1573143038358;25.5728;20666;0.00420788;0.0263119;0.000655344
1573143049025;25.5794;10667;0.00120879;0.00664139;0.000127891
1573143049692;25.5796;667;2.95443e-05;0.000183105;0.000103060
1573143056358;25.5867;6666;0.00184481;0.00709724;0.000246418
1573143069025;25.6164;12667;0.00511588;0.0296726;0.000650775
1573143074358;25.6225;5333;0.00152728;0.00613594;0.000113680
1573143085025;25.6407;10667;0.00284632;0.0182095;0.000243741
1573143089358;25.6366;4333;3.94184e-05;-0.00415039;0.000624156
1573143094025;25.6434;4667;0.00321606;0.00679398;0.000624156
1573143107025;25.6148;13000;3.62580e-05;-0.0285835;0.000134744
1573143126025;25.6218;19000;0.000708453;0.00704384;0.000134744
1573143132358;25.6195;6333;0.000189105;-0.00234795;0.000476225
1573143149692;25.6511;17334;0.00344824;0.0316143;0.000503949
1573143162025;25.6136;12333;-0.000281505;-0.0375175;0.000155856
1573143169025;25.6083;7000;8.14329e-05;-0.00528717;8.10403e-05
1573143171025;25.6078;2000;0.000201150;-0.000425339;8.10403e-05
1573143180692;25.6008;9667;0.000146367;-0.00707245;0.000365546
1573143186025;25.6055;5333;0.00172636;0.00470543;0.000372815
1573143190025;25.6038;4000;0.000442016;-0.00168228;0.000641609
1573143197692;25.6190;7667;0.00356820;0.0152035;0.000696888
1573143206692;25.6135;9000;0.000495504;-0.00554848;0.000915533
1573143212358;25.6282;5666;0.00483439;0.0147343;0.000915533
1573143222025;25.6129;9667;4.83541e-05;-0.0152569;0.000318025
1573143229358;25.6165;7333;0.000629289;0.00358772;0.000274987
1573143255692;25.6603;26334;0.00333526;0.0438232;0.000335677
1573143270692;25.7028;15000;0.00610255;0.0424232;0.000688656
1573143280692;25.7461;10000;0.00715612;0.0433254;0.000870268
1573143295692;25.8190;15000;0.00732313;0.0729523;0.000812894
1573143301025;25.8080;5333;0.000685159;-0.0110111;0.00125971
1573143308025;25.8312;7000;0.00467802;0.0231609;0.00125971
1573143324358;25.8901;16333;0.00697340;0.0588589;0.000761327
1573143335692;25.9231;11334;0.00528547;0.0330315;0.000611359
1573143350025;25.9611;14333;0.00305526;0.0379734;0.000231647
1573143363692;26.0097;13667;0.00593208;0.0486259;0.000506561
1573143376692;26.0536;13000;0.00624542;0.0439644;0.000696185
1573143381025;26.0608;4333;0.00203286;0.00715065;5.42945e-05
1573143394025;26.0972;13000;0.00453952;0.0364017;0.000557183
1573143408692;26.1375;14667;0.00520461;0.0403366;0.000537791
1573143413025;26.1368;4333;4.86125e-05;-0.000690460;0.000105998
1573143430692;26.1667;17667;0.00462502;0.0298996;0.000568928
1573143442358;26.1830;11666;0.00269858;0.0162621;0.000368605
1573143460358;26.2254;18000;0.00464508;0.0424118;0.000573710
1573143477025;26.2701;16667;0.00472543;0.0446339;0.000505052
1573143493025;26.3113;16000;0.00506441;0.0412731;0.000515668
1573143506692;26.3578;13667;0.00788168;0.0464783;0.00113387
1573143512025;26.3678;5333;0.00220251;0.00998878;0.000133620
1573143524358;26.3846;12333;0.00197307;0.0168362;4.37293e-06
1573143535025;26.3716;10667;0.000484745;-0.0130062;0.000672320
1573143539692;26.3780;4667;0.00287002;0.00635529;0.000672320
1573143545358;26.3694;5666;0.000107346;-0.00854301;0.000966820
1573143558692;26.3998;13334;0.00462992;0.0303173;0.000966820
1573143579692;26.4484;21000;0.00764894;0.0486374;0.00104624
1573143583358;26.4480;3666;0.000142842;-0.000385284;0.000265263
1573143592692;26.4580;9334;0.00151137;0.0100212;0.000302215
1573143598692;26.4489;6000;0.000414813;-0.00912857;0.000900691
1573143606025;26.4617;7333;0.00286669;0.0127926;0.000900691
1573143625358;26.4862;19333;0.00358126;0.0245228;0.000430859
1573143642358;26.5069;17000;0.00317764;0.0207329;0.000410518
1573143656358;26.5292;14000;0.00286082;0.0222988;4.46216e-05
1573143658692;26.5293;2334;1.41450e-05;5.34058e-05;8.70986e-06
1573143658692;26.5293;0;1.41450e-05;0.00000;8.70986e-06
1573143678692;26.5489;20000;0.00248855;0.0195942;0.000213082
1573143695358;26.5307;16666;-7.36857e-05;-0.0181484;3.81369e-06
1573143703692;26.5272;8334;7.36596e-06;-0.00356293;0.000131700
1573143715358;26.5315;11666;0.000825144;0.00435066;0.000131700
1573143728025;26.5368;12667;0.000674573;0.00527191;3.48450e-05
1573143737025;26.5303;9000;7.80538e-05;-0.00647736;0.000229762
1573143743025;26.5331;6000;0.000667898;0.00276184;0.000229762
1573143745025;26.5330;2000;0.000592416;-6.29425e-05;0.000516843
1573143745692;26.5330;667;1.82556e-05;1.52588e-05;0.000835109
1573143757025;26.5769;11333;0.00764710;0.0438824;0.00111812
1573143761025;26.5754;4000;0.000257704;-0.00147247;0.000527616
1573143778358;26.6171;17333;0.00452733;0.0416260;0.000640772
1573143792358;26.6616;14000;0.00763391;0.0444813;0.00102210
1573143798358;26.6464;6000;5.54546e-05;-0.0151520;0.00104431
