HRV.time;HRV.x;HRV.y;HRV.z
1573142085690;56.9230;34.9166;8.16034
1573142085940;58.2695;34.2889;7.44165
1573142086190;59.5553;33.6151;6.82966
1573142086440;60.7599;32.8799;6.36017
1573142086690;61.8678;32.0750;6.05715
1573142086940;62.8818;31.1998;5.91844
1573142087190;63.8562;30.1634;5.98038
1573142087440;64.6592;29.1028;6.23794
1573142087690;65.3725;28.0581;6.56940
1573142087940;66.0749;27.0622;6.86286
1573142088190;66.7073;26.4334;6.85936
1573142088440;67.6315;25.8226;6.54594
1573142088690;68.7877;25.2084;6.00386
1573142088940;70.0904;24.5568;5.35286
1573142089190;71.4288;23.8414;4.72984
1573142089440;72.7127;23.0423;4.24502
1573142089690;73.8813;22.1567;3.96206
1573142089940;74.9125;21.2033;3.88421
1573142090190;75.8337;20.2058;3.96049
1573142090440;76.6900;19.1990;4.11104
1573142090690;77.4787;18.2985;4.22278
1573142090940;78.3366;17.4174;4.24606
1573142091190;79.2611;16.5636;4.17530
1573142091440;80.1913;15.7712;4.03756
1573142091690;81.1325;14.9966;3.87088
1573142091940;81.9472;14.3254;3.72747
1573142092190;82.7356;13.6583;3.60607
1573142092440;83.4772;12.9959;3.52689
1573142092690;84.1841;12.3226;3.49338
1573142092940;84.8383;11.6665;3.49523
1573142093190;85.4586;11.0344;3.50698
1573142093440;86.0616;10.4324;3.50598
1573142093690;86.6577;9.86053;3.48173
1573142093940;87.4177;9.03739;3.54493
1573142094190;87.8071;8.35557;3.83731
1573142094440;87.8703;7.82042;4.30925
1573142094690;87.6922;7.43218;4.87566
1573142094940;87.6329;7.27219;5.09488
1573142095190;87.7522;7.12549;5.12227
1573142095440;88.0322;6.99735;4.97045
1573142095690;88.4617;6.86618;4.67215
1573142095940;88.9826;6.72586;4.29152
1573142096190;89.5287;6.56971;3.90163
1573142096440;90.0301;6.39485;3.57502
1573142096690;90.4426;6.19902;3.35839
1573142096940;90.7441;5.98536;3.27053
1573142097190;90.9638;5.65634;3.37985
1573142097440;90.9010;5.37047;3.72851
1573142097690;90.6602;5.14017;4.19961
1573142097940;90.3514;4.97540;4.67324
1573142098190;90.0599;4.88254;5.05754
1573142098440;89.8304;4.86430;5.30529
1573142098690;89.6641;4.91975;5.41614
1573142098940;89.5294;5.04489;5.42568
1573142099190;89.3802;5.23347;5.38634
1573142099440;89.2274;5.44054;5.33208
1573142099690;89.0576;5.67525;5.26718
1573142099940;88.8643;5.93259;5.20309
1573142100190;88.6782;6.18945;5.13234
1573142100440;88.5130;6.45368;5.03333
1573142100690;88.3793;6.72188;4.89885
1573142100940;88.2778;6.98964;4.73260
1573142101190;88.1959;7.25359;4.55053
1573142101440;88.1120;7.50871;4.37928
1573142101690;88.0025;7.75069;4.24681
1573142101940;87.8494;7.97680;4.17383
1573142102190;87.6470;8.18575;4.16722
1573142102440;87.4050;8.37801;4.21701
1573142102690;87.1435;8.55639;4.30015
1573142102940;86.9080;8.71390;4.37810
1573142103190;86.7098;8.86186;4.42833
1573142103440;86.5533;9.00352;4.44322
1573142103690;86.4289;9.14104;4.43004
1573142103940;86.0833;9.40306;4.51368
1573142104190;85.4277;9.73583;4.83643
1573142104440;84.5048;10.1391;5.35606
1573142104690;83.4050;10.6132;5.98183
1573142104940;82.2286;11.1647;6.60669
1573142105190;81.0862;11.7939;7.11990
1573142105440;80.0620;12.4981;7.43993
1573142105690;79.1939;13.2735;7.53261
1573142105940;78.4821;14.1065;7.41144
1573142106190;77.8966;14.9727;7.13066
1573142106440;77.3823;15.8520;6.76572
1573142106690;76.8862;16.7175;6.39633
1573142106940;76.3732;17.5436;6.08320
1573142107190;75.8344;18.3119;5.85368
1573142107440;75.2051;19.0810;5.71397
1573142107690;74.5503;19.7778;5.67187
1573142107940;73.9262;20.4060;5.66782
1573142108190;73.3810;20.9703;5.64867
1573142108440;72.9460;21.4706;5.58346
1573142108690;72.6188;21.9089;5.47236
1573142108940;72.3779;22.2776;5.34447
1573142109190;72.1899;22.5688;5.24128
1573142109440;72.0233;22.7758;5.20088
1573142109690;71.8607;22.8975;5.24183
1573142109940;71.6640;22.9459;5.39012
1573142110190;71.4429;22.9287;5.62845
1573142110440;71.2380;22.8664;5.89557
1573142110690;71.0892;22.7794;6.13136
1573142110940;71.0887;22.6961;6.21520
1573142111190;71.2605;22.6008;6.13866
1573142111440;71.5735;22.4885;5.93799
1573142111690;71.9771;22.3479;5.67496
1573142111940;72.4167;22.1662;5.41709
1573142112190;72.8672;21.9044;5.22843
1573142112440;73.2000;21.5926;5.20734
1573142112690;73.4324;21.2427;5.32484
1573142112940;73.6133;20.8719;5.51481
1573142113190;73.8129;20.5373;5.64984
1573142113440;74.1241;20.2044;5.67158
1573142113690;74.5586;19.8741;5.56731
1573142113940;75.0966;19.5397;5.36372
1573142114190;75.6949;19.1887;5.11642
1573142114440;76.3458;18.7572;4.89705
1573142114690;76.8696;18.2938;4.83663
1573142114940;77.2560;17.8003;4.94374
1573142115190;77.5352;17.2861;5.17864
1573142115440;77.7643;16.7668;5.46899
1573142115690;77.9782;16.4905;5.53131
1573142115940;78.3924;16.1920;5.41569
1573142116190;78.9502;15.8890;5.16089
1573142116440;79.6388;15.5503;4.81085
1573142116690;80.3890;15.1662;4.44476
1573142116940;81.1302;14.7279;4.14185
1573142117190;81.8054;14.2325;3.96204
1573142117440;82.3831;13.6865;3.93043
1573142117690;82.8667;13.1017;4.03168
1573142117940;83.3929;12.2828;4.32438
1573142118190;83.8030;11.4765;4.72056
1573142118440;84.1633;10.7092;5.12753
1573142118690;84.5261;9.99703;5.47688
1573142118940;84.9125;9.35237;5.73512
1573142119190;85.3129;8.78169;5.90543
1573142119440;85.6966;8.28640;6.01701
1573142119690;86.0269;7.86593;6.10715
1573142119940;86.2768;7.52029;6.20291
1573142120190;86.4416;7.24782;6.31059
1573142120440;86.5382;7.04721;6.41457
1573142120690;86.5983;6.91692;6.48483
1573142120940;86.6547;6.85263;6.49263
1573142121190;86.7275;6.84875;6.42378
1573142121440;86.8158;6.89753;6.28663
1573142121690;86.9049;6.98047;6.11459
1573142121940;86.9799;7.08786;5.93227
1573142122190;87.0057;7.21084;5.78346
1573142122440;86.9720;7.33007;5.69788
1573142122690;86.8850;7.44688;5.66815
1573142122940;86.7686;7.55143;5.68001
1573142123190;86.6426;7.64925;5.70819
1573142123440;86.5214;7.74327;5.73532
1573142123690;86.4109;7.83654;5.75250
1573142123940;86.3025;7.93283;5.76472
1573142124190;86.1774;8.03429;5.78831
1573142124440;86.0081;8.14592;5.84601
1573142124690;85.7701;8.27251;5.95741
1573142124940;85.4509;8.42048;6.12863
1573142125190;85.0552;8.59749;6.34734
1573142125440;84.6032;8.81204;6.58472
1573142125690;84.0982;9.08438;6.81743
1573142125940;83.5770;9.41597;7.00708
1573142126190;83.0526;9.81332;7.13409
1573142126440;82.5020;10.2942;7.20381
1573142126690;81.9187;10.8468;7.23453
1573142126940;81.3501;11.4075;7.24240
1573142127190;80.7369;12.0171;7.24600
1573142127440;80.0672;12.6687;7.26406
1573142127690;79.2469;13.4346;7.31848
1573142127940;78.3516;14.2413;7.40705
1573142128190;77.4077;15.0889;7.50337
1573142128440;76.3434;16.0564;7.60024
1573142128690;75.2483;17.0686;7.68315
1573142128940;74.1321;18.1188;7.74910
1573142129190;73.1837;19.0340;7.78227
1573142129440;72.2473;19.9553;7.79744
1573142129690;71.2135;20.9444;7.84205
1573142129940;70.1202;21.9244;7.95538
1573142130190;68.9656;22.8889;8.14552
1573142130440;67.7650;23.8396;8.39541
1573142130690;66.3894;24.8909;8.71966
1573142130940;64.9810;25.9548;9.06426
1573142131190;63.5639;27.0466;9.38958
1573142131440;62.1805;28.1541;9.66548
1573142131690;60.7996;29.3019;9.89847
1573142131940;59.5049;30.4090;10.0861
1573142132190;58.2074;31.5341;10.2585
1573142132440;56.8903;32.6714;10.4383
1573142132690;55.5496;33.8186;10.6318
1573142132940;54.1015;35.0498;10.8487
1573142133190;52.6463;36.2979;11.0557
1573142133440;51.2918;37.5111;11.1971
1573142133690;49.9990;38.7497;11.2513
1573142133940;48.7635;40.0070;11.2295
1573142134190;47.6119;41.2157;11.1723
1573142134440;46.4842;42.3749;11.1408
1573142134690;45.3530;43.4395;11.2075
1573142134940;44.0739;44.4559;11.4702
1573142135190;42.7527;45.2899;11.9575
1573142135440;41.4270;45.9477;12.6253
1573142135690;40.1914;46.4473;13.3613
1573142135940;39.0652;46.8446;14.0902
1573142136190;38.0762;47.1615;14.7623
1573142136440;37.2077;47.3912;15.4011
1573142136690;36.4468;47.4831;16.0701
1573142136940;35.7540;47.3722;16.8739
1573142137190;35.0914;46.9992;17.9094
1573142137440;34.3996;46.2976;19.3027
1573142137690;33.7379;45.3273;20.9348
1573142137940;33.1865;44.2083;22.6052
1573142138190;32.8718;43.1390;23.9892
1573142138440;32.8982;42.2557;24.8461
1573142138690;33.3557;41.6763;24.9680
1573142138940;34.2829;41.4425;24.2747
1573142139190;35.6365;41.4910;22.8724
1573142139440;37.2530;41.6390;21.1080
1573142139690;38.8474;41.6011;19.5515
1573142139940;40.0473;41.0761;18.8766
1573142140190;40.5701;39.8931;19.5369
1573142140440;40.4953;40.3268;19.1779
1573142140690;40.5514;40.1174;19.3312
1573142140940;40.6283;39.8955;19.4762
1573142141190;40.7403;39.6751;19.5846
1573142141440;41.0429;39.2501;19.7069
1573142141690;41.4186;38.8396;19.7418
1573142141940;42.1411;38.1375;19.7214
1573142142190;42.8891;37.3922;19.7187
1573142142440;43.6273;36.5795;19.7932
1573142142690;44.4367;35.5406;20.0227
1573142142940;44.8071;35.0293;20.1636
1573142143190;44.7859;35.0548;20.1593
1573142143440;44.7602;35.0794;20.1604
1573142143690;44.3365;35.3929;20.2706
1573142143940;44.0620;35.5549;20.3831
1573142144190;43.7639;35.7091;20.5270
1573142144440;44.4709;35.3331;20.1961
1573142144690;45.3159;34.7853;19.8988
1573142144940;46.0213;34.1685;19.8102
1573142145190;46.2369;33.9054;19.8577
1573142145440;46.3989;33.6297;19.9715
1573142145690;45.7791;34.8335;19.3874
1573142145940;45.3112;35.6542;19.0346
1573142146190;44.8355;36.3989;18.7656
1573142146440;44.3608;37.0524;18.5869
1573142146690;43.9076;37.6111;18.4812
1573142146940;43.7892;37.7610;18.4499
1573142147190;43.7097;37.8871;18.4033
1573142147440;43.6677;37.9854;18.3469
1573142147690;43.6556;38.0475;18.2969
1573142147940;43.6608;38.0619;18.2773
1573142148190;43.6692;38.0172;18.3135
1573142148440;43.6696;37.9058;18.4246
1573142148690;43.6576;37.7375;18.6048
1573142148940;43.6365;37.5133;18.8502
1573142149190;43.4956;36.3622;20.1422
1573142149440;43.3216;35.0897;21.5887
1573142149690;43.2087;33.8036;22.9876
1573142149940;43.2204;32.0756;24.7039
1573142150190;43.4627;30.5461;25.9912
1573142150440;43.3512;30.7430;25.9058
1573142150690;43.1468;30.8868;25.9665
1573142150940;42.8738;30.9885;26.1377
1573142151190;43.1636;30.9114;25.9250
1573142151440;44.2644;30.5895;25.1461
1573142151690;45.1790;30.1817;24.6393
1573142151940;45.8279;29.6661;24.5059
1573142152190;45.8869;29.5828;24.5304
1573142152440;45.9282;29.4941;24.5776
1573142152690;45.9616;29.4063;24.6322
1573142152940;45.9952;29.3243;24.6805
1573142153190;46.0345;29.2511;24.7144
1573142153440;46.0813;29.1874;24.7313
1573142153690;45.1649;29.9079;24.9273
1573142153940;43.8359;30.5306;25.6334
1573142154190;42.2753;31.1230;26.6017
1573142154440;42.5844;30.9763;26.4393
1573142154690;42.6287;30.9400;26.4313
1573142154940;42.6569;30.8956;26.4475
1573142155190;42.6699;30.8446;26.4855
1573142155440;42.6691;30.8811;26.4498
1573142155690;42.6735;30.9181;26.4084
1573142155940;42.7154;31.1484;26.1362
1573142156190;42.7527;31.3568;25.8904
1573142156440;42.7740;31.5333;25.6927
1573142156690;42.7711;31.6320;25.5969
1573142156940;42.7429;31.6936;25.5634
1573142157190;42.6815;31.7124;25.6061
1573142157440;42.5813;31.6844;25.7343
1573142157690;42.4422;31.6105;25.9473
1573142157940;43.2810;32.2280;24.4910
1573142158190;43.8608;32.8114;23.3278
1573142158440;44.3222;33.4390;22.2388
1573142158690;44.5958;34.0374;21.3668
1573142158940;44.5366;33.7857;21.6777
1573142159190;44.5253;33.5852;21.8895
1573142159440;44.5865;33.4025;22.0110
1573142159690;44.7201;33.3258;21.9541
1573142159940;45.0085;33.3654;21.6261
1573142160190;45.2810;33.5413;21.1777
1573142160440;45.4729;33.8118;20.7153
1573142160690;45.5229;33.9976;20.4795
1573142160940;45.5086;34.1900;20.3014
1573142161190;45.5385;34.0539;20.4077
1573142161440;45.5401;34.0474;20.4126
1573142161690;45.5424;34.0422;20.4154
1573142161940;45.5452;34.0389;20.4159
1573142162190;45.5708;34.0253;20.4039
1573142162440;45.5848;34.0334;20.3818
1573142162690;45.5822;34.0648;20.3530
1573142162940;45.5586;34.1209;20.3205
1573142163190;45.5817;34.0755;20.3428
1573142163440;45.6900;33.8413;20.4688
1573142163690;45.8144;33.5470;20.6387
1573142163940;45.9192;33.3153;20.7655
1573142164190;46.1082;32.9394;20.9524
1573142164440;46.3340;32.5211;21.1449
1573142164690;46.6303;31.9939;21.3758
1573142164940;46.9553;31.4242;21.6205
1573142165190;47.3055;30.8197;21.8748
1573142165440;47.6828;30.1938;22.1234
1573142165690;48.1385;29.4971;22.3644
1573142165940;48.6448;28.8228;22.5324
1573142166190;49.2185;28.1962;22.5853
1573142166440;49.5568;27.9118;22.5313
1573142166690;49.9431;27.6675;22.3894
1573142166940;50.5353;27.3703;22.0943
1573142167190;51.4962;26.9405;21.5633
1573142167440;52.3255;26.5526;21.1219
1573142167690;52.9468;26.1878;20.8654
1573142167940;52.4298;26.5717;20.9985
1573142168190;51.9558;26.9561;21.0881
1573142168440;52.1614;26.7345;21.1041
1573142168690;52.2557;26.5375;21.2068
1573142168940;52.2815;26.3919;21.3266
1573142169190;52.2922;26.3057;21.4021
1573142169440;52.3280;26.2912;21.3808
1573142169690;52.4034;26.3430;21.2536
1573142169940;52.5276;26.4522;21.0202
1573142170190;52.6958;26.6125;20.6917
1573142170440;52.8755;26.7961;20.3283
1573142170690;52.3808;26.3688;21.2504
1573142170940;51.7302;25.9676;22.3022
1573142171190;50.9773;25.6361;23.3866
1573142171440;49.8048;25.3193;24.8759
1573142171690;48.5176;25.1832;26.2992
1573142171940;48.6669;25.1759;26.1573
1573142172190;48.7754;25.1457;26.0789
1573142172440;48.8549;25.0891;26.0560
1573142172690;48.3781;25.6253;25.9966
1573142172940;47.7518;26.2849;25.9634
1573142173190;46.9612;27.0328;26.0060
1573142173440;46.0233;27.8401;26.1366
1573142173690;44.9724;28.6808;26.3468
1573142173940;43.5228;29.7307;26.7465
1573142174190;41.6600;30.8841;27.4559
1573142174440;39.6058;31.9411;28.4531
1573142174690;37.4416;32.8575;29.7009
1573142174940;36.2690;33.2958;30.4352
1573142175190;35.2414;33.6637;31.0949
1573142175440;34.1790;34.0084;31.8126
1573142175690;33.2481;34.2421;32.5098
1573142175940;32.4300;34.3439;33.2261
1573142176190;31.4190;34.2628;34.3182
1573142176440;30.4049;33.9391;35.6560
1573142176690;29.3910;33.3954;37.2136
1573142176940;28.4107;32.7033;38.8859
1573142177190;27.8082;32.1919;39.9999
1573142177440;27.3845;31.7675;40.8480
1573142177690;27.2006;31.5403;41.2591
1573142177940;27.2599;31.5553;41.1847
1573142178190;27.5703;31.8619;40.5678
1573142178440;28.3315;32.7798;38.8887
1573142178690;29.2334;34.0924;36.6742
1573142178940;30.1261;35.6818;34.1920
1573142179190;30.8482;37.4937;31.6581
1573142179440;31.0617;39.0405;29.8977
1573142179690;31.0781;38.8529;30.0690
1573142179940;31.1053;38.7022;30.1925
1573142180190;31.1935;38.3953;30.4112
1573142180440;31.2625;38.2073;30.5301
1573142180690;31.2999;38.1457;30.5544
1573142180940;31.2890;38.1976;30.5134
1573142181190;31.2112;38.3383;30.4504
1573142181440;31.0373;38.5424;30.4203
1573142181690;30.7519;38.7841;30.4641
1573142181940;30.7901;38.7533;30.4567
1573142182190;30.8318;38.7151;30.4530
1573142182440;30.9642;38.5775;30.4584
1573142182690;31.1005;38.4168;30.4827
1573142182940;31.2419;38.2366;30.5216
1573142183190;31.1732;38.3218;30.5050
1573142183440;31.0948;38.4085;30.4967
1573142183690;31.0063;38.4943;30.4994
1573142183940;30.9941;38.5048;30.5011
1573142184190;30.9811;38.5150;30.5039
1573142184440;30.9674;38.5251;30.5075
1573142184690;30.9534;38.5352;30.5115
1573142184940;30.9534;38.5352;30.5115
1573142185190;30.9534;38.5352;30.5115
1573142185440;30.9534;38.5352;30.5115
1573142185690;30.5639;38.8290;30.6071
1573142185940;30.1644;39.1082;30.7274
1573142186190;29.7569;39.3714;30.8716
1573142186440;29.1257;39.7466;31.1277
1573142186690;28.1173;40.2905;31.5922
1573142186940;26.9092;40.8957;32.1951
1573142187190;25.6944;41.5112;32.7943
1573142187440;25.0471;41.8948;33.0581
1573142187690;24.4368;42.3549;33.2083
1573142187940;23.8725;42.8797;33.2479
1573142188190;23.1769;43.6072;33.2159
1573142188440;22.4806;44.3375;33.1819
1573142188690;21.7617;45.0249;33.2135
1573142188940;21.0084;45.6362;33.3553
1573142189190;20.0248;46.2808;33.6944
1573142189440;19.0052;46.8259;34.1689
1573142189690;18.0834;47.2826;34.6340
1573142189940;17.5526;47.5850;34.8624
1573142190190;17.0579;47.9535;34.9887
1573142190440;16.6701;48.3278;35.0021
1573142190690;16.3062;48.7504;34.9434
1573142190940;15.6416;49.5428;34.8157
1573142191190;14.9507;50.2543;34.7950
1573142191440;14.2222;50.8233;34.9546
1573142191690;13.3437;51.2780;35.3784
1573142191940;12.4415;51.5563;36.0022
1573142192190;11.5465;51.7387;36.7148
1573142192440;10.9101;51.8930;37.1968
1573142192690;10.4430;52.0994;37.4576
1573142192940;10.0139;52.4244;37.5617
1573142193190;9.29585;53.1820;37.5222
1573142193440;8.75559;53.8593;37.3851
1573142193690;8.37014;54.3839;37.2459
1573142193940;7.99492;54.8798;37.1253
1573142194190;7.91941;54.9703;37.1103
1573142194440;7.84472;55.0487;37.1065
1573142194690;7.95149;54.9517;37.0969
1573142194940;8.05673;54.8660;37.0773
1573142195190;7.59019;55.1418;37.2680
1573142195440;7.09521;55.2692;37.6356
1573142195690;6.61407;55.2642;38.1218
1573142195940;6.05524;55.1439;38.8009
1573142196190;5.74187;55.0574;39.2007
1573142196440;5.45562;55.0156;39.5288
1573142196690;5.19791;55.0382;39.7639
1573142196940;5.01284;55.1163;39.8709
1573142197190;4.84821;55.2502;39.9015
1573142197440;4.65940;55.4632;39.8774
1573142197690;4.49377;55.6764;39.8298
1573142197940;4.34379;55.8673;39.7889
1573142198190;4.19843;56.0148;39.7868
1573142198440;4.07966;56.0720;39.8483
1573142198690;4.00491;56.0555;39.9396
1573142198940;3.97434;56.0313;39.9944
1573142199190;3.95278;56.0052;40.0420
1573142199440;3.94008;55.9774;40.0825
1573142199690;3.93463;55.9137;40.1517
1573142199940;3.94461;55.8125;40.2429
1573142200190;3.96923;55.6691;40.3617
1573142200440;4.00895;55.4784;40.5126
1573142200690;4.06288;55.2490;40.6881
1573142200940;4.13088;54.9912;40.8779
1573142201190;4.21298;54.7184;41.0686
1573142201440;4.22887;54.6757;41.0955
1573142201690;4.24604;54.6422;41.1117
1573142201940;4.26434;54.6176;41.1181
1573142202190;4.31133;54.5724;41.1163
1573142202440;4.36066;54.5346;41.1047
1573142202690;4.41191;54.5020;41.0861
1573142202940;4.46487;54.4753;41.0598
1573142203190;4.62981;54.3947;40.9755
1573142203440;4.80830;54.3015;40.8902
1573142203690;5.00149;54.2182;40.7803
1573142203940;5.07575;54.2075;40.7167
1573142204190;5.15377;54.2237;40.6225
1573142204440;5.23461;54.2534;40.5120
1573142204690;5.26401;54.2620;40.4739
1573142204940;5.34582;54.2517;40.4025
1573142205190;5.42377;54.1766;40.3996
1573142205440;5.38873;54.2478;40.3634
1573142205690;5.28324;54.5792;40.1376
1573142205940;5.18784;54.9751;39.8371
1573142206190;5.09941;55.3989;39.5016
1573142206440;4.96790;56.0194;39.0127
1573142206690;4.84147;56.5120;38.6465
1573142206940;4.87301;56.4193;38.7076
1573142207190;4.90671;56.3433;38.7500
1573142207440;5.13493;55.8771;38.9880
1573142207690;5.51312;54.9727;39.5142
1573142207940;5.93547;53.7711;40.2934
1573142208190;6.39106;52.3449;41.2640
1573142208440;6.52287;51.9597;41.5174
1573142208690;6.66245;51.6441;41.6934
1573142208940;6.81247;51.4190;41.7686
1573142209190;7.12621;51.1577;41.7161
1573142209440;7.46630;51.0508;41.4829
1573142209690;7.83096;51.0860;41.0830
1573142209940;8.01557;51.1662;40.8183
1573142210190;8.09531;51.2210;40.6837
1573142210440;8.17348;51.2794;40.5471
1573142210690;8.24619;51.3173;40.4365
1573142210940;8.02020;51.3037;40.6761
1573142211190;7.83396;51.4366;40.7295
1573142211440;7.69019;51.7371;40.5727
1573142211690;7.56007;52.2716;40.1683
1573142211940;7.46327;52.8628;39.6739
1573142212190;7.38108;53.3572;39.2617
1573142212440;7.29460;53.5878;39.1176
1573142212690;7.19380;53.4370;39.3692
1573142212940;7.07722;52.8885;40.0343
1573142213190;7.13929;53.3000;39.5607
1573142213440;7.19564;53.7485;39.0558
1573142213690;7.23242;54.1368;38.6307
1573142213940;7.23703;54.3727;38.3903
1573142214190;7.20260;54.4008;38.3966
1573142214440;7.49054;54.8982;37.6112
1573142214690;7.94547;55.6761;36.3785
1573142214940;8.54246;56.4310;35.0266
1573142215190;9.22636;56.7251;34.0485
1573142215440;9.33426;56.6552;34.0105
1573142215690;9.43143;56.4531;34.1155
1573142215940;9.51450;56.1089;34.3766
1573142216190;9.26699;57.6148;33.1182
1573142216440;9.03132;59.1917;31.7770
1573142216690;8.78320;60.6111;30.6057
1573142216940;8.93882;59.9641;31.0971
1573142217190;9.12298;59.4671;31.4099
1573142217440;9.33956;59.1608;31.4996
1573142217690;11.0975;57.4351;31.4674
1573142217940;12.0895;56.4503;31.4602
1573142218190;13.0792;55.5148;31.4060
1573142218440;12.2282;56.0134;31.7584
1573142218690;12.2679;56.0054;31.7267
1573142218940;12.3023;55.9942;31.7035
1573142219190;12.3297;55.9733;31.6971
1573142219440;12.3497;55.9417;31.7086
1573142219690;12.2067;56.2673;31.5259
1573142219940;12.0757;56.5192;31.4050
1573142220190;11.9578;56.5689;31.4733
1573142220440;11.8440;56.3689;31.7871
1573142220690;11.7534;56.0019;32.2447
1573142220940;11.6768;55.4868;32.8364
1573142221190;11.6262;54.8893;33.4845
1573142221440;11.6139;54.2768;34.1094
1573142221690;11.6938;51.8828;36.4234
1573142221940;11.8778;49.2872;38.8350
1573142222190;12.1488;47.3003;40.5508
1573142222440;12.5730;45.6676;41.7594
1573142222690;13.1659;44.4713;42.3627
1573142222940;14.1408;43.4473;42.4119
1573142223190;15.2772;42.8969;41.8260
1573142223440;16.5695;42.7780;40.6525
1573142223690;18.0141;43.0237;38.9622
1573142223940;19.2498;43.4610;37.2891
1573142224190;18.9297;43.2950;37.7753
1573142224440;18.5235;43.0530;38.4234
1573142224690;18.8613;43.2378;37.9010
1573142224940;19.4231;43.4590;37.1179
1573142225190;19.9928;43.5481;36.4591
1573142225440;19.7457;43.5810;36.6733
1573142225690;19.4167;43.7261;36.8572
1573142225940;19.0959;43.9668;36.9373
1573142226190;19.1586;43.9011;36.9403
1573142226440;19.2202;43.8202;36.9596
1573142226690;19.8247;42.8787;37.2966
1573142226940;20.4143;41.8246;37.7610
1573142227190;20.3949;41.8622;37.7429
1573142227440;20.6264;41.3947;37.9789
1573142227690;20.8544;40.9171;38.2285
1573142227940;21.3365;39.8773;38.7861
1573142228190;21.0977;40.3851;38.5172
1573142228440;20.8553;40.8644;38.2804
1573142228690;20.4949;41.5073;37.9978
1573142228940;19.6835;42.7648;37.5518
1573142229190;18.8672;43.8386;37.2943
1573142229440;18.0674;44.7383;37.1943
1573142229690;17.2116;45.5676;37.2207
1573142229940;16.4092;46.2327;37.3581
1573142230190;17.3869;45.4582;37.1549
1573142230440;18.5641;44.4620;36.9739
1573142230690;19.5513;43.7083;36.7404
1573142230940;19.5513;43.7083;36.7404
1573142231190;19.2634;43.5727;37.1639
1573142231440;18.9477;43.2319;37.8204
1573142231690;18.5879;42.6815;38.7305
1573142231940;18.2620;42.0628;39.6752
1573142232190;18.0140;41.4867;40.4993
1573142232440;17.2617;39.1942;43.5440
1573142232690;16.9673;37.5032;45.5295
1573142232940;17.2038;36.5220;46.2742
1573142233190;16.8175;36.5855;46.5970
1573142233440;16.2099;36.3843;47.4058
1573142233690;15.4910;36.1856;48.3233
1573142233940;14.8567;36.2737;48.8696
1573142234190;15.0808;35.9894;48.9298
1573142234440;15.2106;35.3931;49.3964
1573142234690;15.0662;37.7334;47.2004
1573142234940;15.0718;36.6823;48.2459
1573142235190;15.0593;35.5733;49.3674
1573142235440;15.0774;34.5460;50.3766
1573142235690;15.0718;34.5986;50.3296
1573142235940;15.7027;32.1812;52.1161
1573142236190;16.5387;30.4603;53.0009
1573142236440;17.4867;29.3560;53.1573
1573142236690;17.4280;29.3908;53.1812
1573142236940;17.3661;29.4060;53.2279
1573142237190;17.3060;29.4106;53.2834
1573142237440;17.2503;29.4096;53.3401
1573142237690;17.0745;29.3901;53.5354
1573142237940;16.9001;29.3459;53.7541
1573142238190;16.5652;29.2012;54.2337
1573142238440;16.1960;28.9820;54.8220
1573142238690;15.7954;28.7006;55.5040
1573142238940;15.3771;28.3888;56.2341
1573142239190;14.9599;28.0896;56.9505
1573142239440;14.4397;27.7708;57.7895
1573142239690;13.9485;27.5563;58.4952
1573142239940;13.4865;27.4586;59.0550
1573142240190;13.3605;27.4602;59.1792
1573142240440;13.2402;27.4811;59.2786
1573142240690;13.1180;27.5066;59.3754
1573142240940;12.7430;27.5540;59.7031
1573142241190;12.3227;27.5575;60.1199
1573142241440;11.8647;27.5235;60.6118
1573142241690;11.4623;27.4883;61.0494
1573142241940;11.0627;27.4811;61.4562
1573142242190;10.6800;27.5329;61.7872
1573142242440;10.3217;27.6606;62.0178
1573142242690;10.0050;27.8515;62.1434
1573142242940;9.63259;28.1498;62.2176
1573142243190;9.14014;28.5792;62.2806
1573142243440;8.63876;28.9809;62.3803
1573142243690;8.12522;29.3088;62.5660
1573142243940;7.60589;29.5440;62.8501
1573142244190;7.34290;29.6241;63.0330
1573142244440;7.08882;29.6802;63.2310
1573142244690;6.78125;29.7402;63.4785
1573142244940;6.43568;29.8129;63.7514
1573142245190;6.11611;29.8895;63.9944
1573142245440;5.82081;29.9637;64.2155
1573142245690;5.54110;30.0237;64.4352
1573142245940;4.98166;30.0805;64.9379
1573142246190;4.49506;30.0491;65.4558
1573142246440;4.05953;29.9618;65.9787
1573142246690;3.92553;29.9447;66.1298
1573142246940;3.82495;29.9836;66.1915
1573142247190;3.79363;30.0343;66.1721
1573142247440;3.77348;30.1166;66.1099
1573142247690;3.76441;30.1987;66.0369
1573142247940;3.75899;30.3146;65.9264
1573142248190;3.75832;30.4086;65.8331
1573142248440;3.75836;30.4014;65.8402
1573142248690;3.75877;30.3997;65.8416
1573142248940;3.75933;30.4020;65.8387
1573142249190;3.76017;30.4074;65.8325
1573142249440;3.74245;30.2389;66.0186
1573142249690;3.73361;30.0969;66.1695
1573142249940;3.72708;29.9355;66.3374
1573142250190;3.72332;29.7629;66.5138
1573142250440;3.72272;29.5929;66.6844
1573142250690;3.72284;29.5745;66.7026
1573142250940;3.72300;29.5577;66.7193
1573142251190;3.72330;29.5432;66.7335
1573142251440;3.73389;29.3948;66.8713
1573142251690;3.75601;29.2855;66.9585
1573142251940;3.79004;29.2176;66.9924
1573142252190;3.83575;29.1875;66.9768
1573142252440;3.89214;29.1853;66.9225
1573142252690;3.95763;29.1968;66.8455
1573142252940;4.03065;29.2084;66.7610
1573142253190;4.04473;29.2093;66.7459
1573142253440;4.05888;29.2092;66.7319
1573142253690;4.07325;29.2088;66.7179
1573142253940;4.14545;29.2123;66.6422
1573142254190;4.24582;29.2304;66.5238
1573142254440;4.35830;29.2674;66.3743
1573142254690;4.48201;29.3196;66.1984
1573142254940;4.58099;29.3588;66.0602
1573142255190;4.75812;29.3902;65.8517
1573142255440;4.93470;29.3446;65.7207
1573142255690;5.01173;29.2778;65.7104
1573142255940;4.95712;29.3672;65.6757
1573142256190;4.91033;29.4855;65.6041
1573142256440;4.86986;29.6204;65.5097
1573142256690;4.85341;29.6814;65.4652
1573142256940;4.87139;29.6212;65.5074
1573142257190;4.89027;29.5749;65.5349
1573142257440;4.94131;29.5012;65.5575
1573142257690;4.94345;29.4999;65.5567
1573142257940;4.94550;29.4997;65.5548
1573142258190;5.01349;29.5029;65.4836
1573142258440;5.07230;29.4808;65.4469
1573142258690;5.15699;29.3533;65.4897
1573142258940;5.22123;29.1342;65.6446
1573142259190;5.21755;29.1590;65.6235
1573142259440;5.21607;29.1830;65.6009
1573142259690;5.21697;29.2632;65.5198
1573142259940;5.22469;29.3155;65.4598
1573142260190;5.22187;29.3094;65.4687
1573142260440;5.21753;29.3049;65.4776
1573142260690;5.15990;29.2453;65.5948
1573142260940;5.09491;29.1634;65.7417
1573142261190;5.01829;29.0639;65.9178
1573142261440;4.93602;28.9779;66.0861
1573142261690;4.90697;28.9675;66.1255
1573142261940;4.88256;28.9874;66.1301
1573142262190;4.85996;29.0424;66.0976
1573142262440;4.83583;29.1450;66.0192
1573142262690;4.79533;29.3727;65.8320
1573142262940;4.75251;29.6229;65.6246
1573142263190;4.70313;29.8662;65.4307
1573142263440;4.64436;30.0792;65.2765
1573142263690;4.43845;30.6193;64.9422
1573142263940;4.23952;31.0299;64.7306
1573142264190;4.06747;31.3934;64.5391
1573142264440;3.94727;31.7959;64.2569
1573142264690;3.87950;32.3501;63.7704
1573142264940;3.86993;33.1043;63.0257
1573142265190;3.91823;34.0546;62.0272
1573142265440;3.95400;34.4891;61.5569
1573142265690;3.99922;34.9541;61.0467
1573142265940;4.04878;35.3969;60.5543
1573142266190;4.09088;35.7183;60.1908
1573142266440;4.06375;35.5346;60.4016
1573142266690;4.04689;35.4302;60.5229
1573142266940;4.04081;35.4075;60.5517
1573142267190;4.05267;35.5129;60.4344
1573142267440;4.09080;35.7489;60.1603
1573142267690;4.15544;36.1014;59.7432
1573142267940;4.17832;36.2216;59.6001
1573142268190;4.20726;36.3722;59.4205
1573142268440;4.24239;36.5477;59.2099
1573142268690;4.28333;36.7382;58.9784
1573142268940;4.28955;36.7644;58.9460
1573142269190;4.29619;36.7886;58.9152
1573142269440;4.30304;36.8083;58.8887
1573142269690;4.39100;36.9751;58.6339
1573142269940;4.47958;37.0460;58.4744
1573142270190;4.56933;37.0274;58.4033
1573142270440;4.55466;37.0407;58.4046
1573142270690;4.53902;37.0597;58.4013
1573142270940;4.52194;37.0796;58.3984
1573142271190;4.50317;37.0972;58.3996
1573142271440;4.44866;37.1337;58.4177
1573142271690;4.39057;37.1606;58.4488
1573142271940;4.33026;37.1834;58.4863
1573142272190;4.62560;37.0505;58.3239
1573142272440;4.84781;36.9119;58.2403
1573142272690;5.07034;36.7356;58.1940
1573142272940;5.29214;36.5406;58.1672
1573142273190;5.15768;36.6482;58.1942
1573142273440;5.02262;36.7229;58.2545
1573142273690;4.88654;36.7538;58.3596
1573142273940;4.75031;36.7403;58.5093
1573142274190;4.33559;36.5799;59.0845
1573142274440;3.94506;36.3473;59.7076
1573142274690;3.58772;36.1103;60.3019
1573142274940;3.26882;35.9264;60.8048
1573142275190;2.98976;35.8290;61.1813
1573142275440;2.74921;35.8243;61.4265
1573142275690;2.06928;35.9506;61.9801
1573142275940;1.77530;36.0420;62.1827
1573142276190;1.85506;36.2182;61.9268
1573142276440;2.24796;36.6845;61.0676
1573142276690;2.88532;37.6326;59.4821
1573142276940;3.72737;39.1911;57.0816
1573142277190;4.69789;41.2853;54.0168
1573142277440;5.84582;43.9646;50.1896
1573142277690;7.16295;47.0479;45.7891
1573142277940;8.61553;50.2267;41.1578
1573142278190;8.97696;50.9585;40.0645
1573142278440;9.00798;51.0163;39.9757
1573142278690;9.04025;51.0670;39.8928
1573142278940;9.07270;51.1036;39.8237
1573142279190;9.10469;51.1222;39.7731
1573142279440;8.99694;51.1217;39.8814
1573142279690;8.39791;51.3978;40.2043
1573142279940;7.79688;51.8647;40.3385
1573142280190;7.19828;52.4698;40.3320
1573142280440;6.61200;53.1840;40.2040
1573142280690;6.77442;52.9324;40.2931
1573142280940;7.56535;51.2702;41.1644
1573142281190;8.33617;49.1553;42.5086
1573142281440;9.07179;46.7321;44.1961
1573142281690;9.77382;44.2083;46.0179
1573142281940;9.81129;44.0801;46.1086
1573142282190;9.85075;43.9684;46.1809
1573142282440;9.24971;45.2092;45.5410
1573142282690;9.38376;45.0238;45.5925
1573142282940;9.52170;44.8971;45.5812
1573142283190;9.80663;44.7228;45.4705
1573142283440;10.0829;44.6025;45.3146
1573142283690;9.98197;44.6325;45.3856
1573142283940;9.69217;44.6665;45.6413
1573142284190;9.42317;44.6343;45.9425
1573142284440;9.17344;44.5316;46.2950
1573142284690;8.98618;44.3941;46.6197
1573142284940;8.94635;44.3534;46.7002
1573142285190;8.91118;44.3104;46.7785
1573142285440;8.88180;44.2723;46.8459
1573142285690;8.52099;43.8026;47.6764
1573142285940;8.27751;43.5160;48.2065
1573142286190;8.16550;43.5102;48.3243
1573142286440;8.19171;43.8367;47.9716
1573142286690;8.27571;44.1895;47.5348
1573142286940;8.42047;44.6908;46.8888
1573142287190;8.60955;45.2526;46.1379
1573142287440;8.82236;45.7673;45.4103
1573142287690;9.25802;46.4659;44.2761
1573142287940;9.66335;46.6543;43.6823
1573142288190;9.62115;46.6761;43.7028
1573142288440;9.45646;46.8209;43.7226
1573142288690;9.27634;46.9765;43.7472
1573142288940;9.11434;47.0956;43.7901
1573142289190;8.00065;27.8982;64.1012
1573142289440;8.00065;27.8982;64.1012
1573142289690;8.27064;28.7298;62.9996
1573142289940;8.72761;30.0517;61.2207
1573142290190;8.02937;27.9520;64.0186
1573142290440;8.02937;27.9520;64.0186
1573142290690;8.28242;28.7486;62.9690
1573142290940;8.73283;30.0558;61.2113
1573142291190;9.44535;32.0657;58.4889
1573142291440;10.2943;34.3909;55.3148
1573142291690;11.3318;37.1364;51.5318
1573142291940;12.5741;40.2861;47.1398
1573142292190;7.78518;28.0708;64.1440
1573142292440;7.78518;28.0708;64.1440
1573142292690;8.15314;28.8107;63.0362
1573142292940;8.61075;30.0303;61.3589
1573142293190;9.29842;31.9205;58.7811
1573142293440;10.2235;34.4331;55.3434
1573142293690;11.3938;37.5198;51.0864
1573142293940;13.1679;41.9844;44.8477
1573142294190;14.9056;46.0575;39.0368
1573142294440;16.6051;49.6760;33.7189
1573142294690;18.2455;52.7494;29.0051
1573142294940;19.8178;55.2378;24.9444
1573142295190;21.3664;57.1955;21.4382
1573142295440;22.8336;58.5770;18.5895
1573142295690;24.2683;59.5232;16.2085
1573142295940;25.3253;60.0947;14.5801
1573142296190;26.6111;60.7624;12.6265
1573142296440;28.1032;61.4344;10.4624
1573142296690;29.7463;61.9719;8.28183
1573142296940;31.6186;62.2214;6.16008
1573142297190;33.4552;61.9708;4.57399
1573142297440;35.1877;61.1674;3.64487
1573142297690;36.7885;59.8513;3.36028
1573142297940;38.5089;57.7376;3.75353
1573142298190;40.0064;55.2873;4.70632
1573142298440;41.3775;52.7474;5.87507
1573142298690;42.7217;50.2979;6.98038
1573142298940;43.9458;48.4015;7.65272
1573142299190;45.3230;46.7112;7.96576
1573142299440;46.8276;45.1902;7.98221
1573142299690;48.3974;43.7866;7.81600
1573142299940;49.9680;42.4409;7.59108
1573142300190;51.4741;41.1212;7.40468
1573142300440;52.8847;39.8160;7.29936
1573142300690;54.2207;38.5117;7.26760
1573142300940;55.4751;37.2641;7.26075
1573142301190;56.6901;36.1048;7.20502
1573142301440;57.8381;35.1303;7.03168
1573142301690;59.0548;34.2471;6.69817
1573142301940;60.3283;33.4366;6.23513
1573142302190;61.6270;32.6669;5.70605
1573142302440;63.0465;31.7946;5.15886
1573142302690;64.3213;30.8990;4.77965
1573142302940;65.4393;29.9715;4.58920
1573142303190;66.2742;29.2159;4.50999
1573142303440;67.1436;28.4457;4.41069
1573142303690;68.0695;27.6660;4.26454
1573142303940;69.0576;26.8777;4.06467
1573142304190;70.0969;26.0746;3.82846
1573142304440;71.1594;25.2459;3.59471
1573142304690;72.1995;24.3874;3.41303
1573142304940;73.1808;23.4941;3.32506
1573142305190;74.0780;22.5682;3.35376
1573142305440;74.8604;21.6573;3.48225
1573142305690;75.5792;20.7466;3.67427
1573142305940;76.2597;19.8543;3.88599
1573142306190;76.9304;18.9945;4.07502
1573142306440;77.6056;18.1856;4.20877
1573142306690;78.2913;17.4336;4.27503
1573142306940;78.9767;16.7412;4.28210
1573142307190;79.6370;16.1107;4.25226
1573142307440;80.2487;15.5394;4.21195
1573142307690;80.7926;15.0255;4.18184
1573142307940;81.2984;14.5041;4.19750
1573142308190;81.6579;14.0647;4.27745
1573142308440;81.9097;13.7094;4.38091
1573142308690;82.1033;13.4375;4.45925
1573142308940;82.2822;13.2460;4.47176
1573142309190;82.3963;13.1096;4.49406
1573142309440;82.2513;13.1241;4.62456
1573142309690;81.9036;13.2701;4.82635
1573142309940;81.6506;13.4367;4.91275
1573142310190;81.5185;13.6330;4.84851
1573142310440;81.5035;13.8450;4.65153
1573142310690;81.5824;14.0585;4.35914
1573142310940;81.7207;14.2596;4.01976
1573142311190;81.8335;14.5018;3.66475
1573142311440;81.7615;14.7326;3.50592
1573142311690;81.5156;14.9464;3.53799
1573142311940;81.3575;15.0612;3.58126
1573142312190;81.3107;15.1402;3.54901
1573142312440;81.3727;15.1866;3.44064
1573142312690;81.5052;15.2152;3.27960
1573142312940;81.5996;15.2246;3.17587
1573142313190;81.6287;15.2177;3.15354
1573142313440;81.5805;15.2009;3.21860
1573142313690;81.4954;15.1807;3.32388
1573142313940;81.4055;15.1610;3.43348
1573142314190;81.3246;15.1509;3.52453
1573142314440;81.2632;15.1574;3.57937
1573142314690;81.2231;15.1853;3.59156
1573142314940;81.1980;15.2365;3.56546
1573142315190;81.1669;15.3149;3.51823
1573142315440;81.1092;15.4180;3.47273
1573142315690;81.0180;15.5432;3.43875
1573142315940;80.8939;15.6882;3.41790
1573142316190;80.6794;15.8842;3.43634
1573142316440;80.3758;16.1123;3.51191
1573142316690;80.0178;16.3703;3.61195
1573142316940;79.6409;16.6564;3.70270
1573142317190;79.3219;16.9404;3.73775
1573142317440;79.0645;17.2356;3.69998
1573142317690;78.8641;17.5347;3.60114
1573142317940;78.7397;17.7978;3.46245
1573142318190;78.6704;18.0408;3.28873
1573142318440;78.6312;18.2551;3.11368
1573142318690;78.6006;18.4335;2.96583
1573142318940;78.5408;18.5892;2.87000
1573142319190;78.4318;18.7069;2.86127
1573142319440;78.2847;18.7912;2.92415
1573142319690;78.1171;18.8494;3.03350
1573142319940;77.9037;18.8975;3.19880
1573142320190;77.6580;18.9418;3.40024
1573142320440;77.3995;18.9910;3.60945
1573142320690;77.1456;19.0522;3.80219
1573142320940;76.8869;19.1350;3.97807
1573142321190;76.6319;19.2415;4.12655
1573142321440;76.3889;19.3732;4.23794
1573142321690;76.1640;19.5298;4.30618
1573142321940;76.0355;19.6743;4.29022
1573142322190;76.0004;19.8246;4.17494
1573142322440;76.0431;19.9737;3.98315
1573142322690;76.1478;20.0974;3.75480
1573142322940;76.3097;20.1982;3.49213
1573142323190;76.5018;20.2665;3.23166
1573142323440;76.6913;20.2874;3.02129
1573142323690;76.9158;20.2644;2.81982
1573142323940;77.1623;20.1943;2.64346
1573142324190;77.4217;20.0752;2.50313
1573142324440;77.6853;19.9079;2.40681
1573142324690;77.9476;19.6951;2.35730
1573142324940;78.2063;19.4396;2.35408
1573142325190;78.4944;19.0250;2.48060
1573142325440;78.6259;18.5881;2.78597
1573142325690;78.6302;18.1486;3.22122
1573142325940;78.5536;17.7263;3.72005
1573142326190;78.4467;17.3403;4.21302
1573142326440;78.3541;17.0059;4.64005
1573142326690;78.3060;16.7331;4.96091
1573142326940;78.3142;16.5250;5.16073
1573142327190;78.3723;16.3797;5.24797
1573142327440;78.4186;16.2839;5.29747
1573142327690;78.3617;16.2688;5.36954
1573142327940;78.2039;16.3265;5.46962
1573142328190;77.9694;16.4504;5.58014
1573142328440;77.6978;16.6351;5.66716
1573142328690;77.4376;16.8725;5.68991
1573142328940;77.2268;17.1557;5.61746
1573142329190;77.0877;17.4729;5.43940
1573142329440;77.0217;17.8097;5.16857
1573142329690;77.0523;18.0980;4.84966
1573142329940;77.1804;18.3585;4.46114
1573142330190;77.3657;18.5725;4.06178
1573142330440;77.5686;18.7231;3.70829
1573142330690;77.7592;18.7985;3.44231
1573142330940;77.8579;18.8072;3.33488
1573142331190;77.6972;18.7451;3.55767
1573142331440;77.3458;18.6314;4.02275
1573142331690;76.8974;18.4930;4.60956
1573142331940;76.4426;18.3568;5.20064
1573142332190;76.0448;18.2437;5.71148
1573142332440;75.7338;18.1671;6.09913
1573142332690;75.5061;18.1320;6.36185
1573142332940;75.4786;18.1224;6.39897
1573142333190;75.6372;18.1097;6.25315
1573142333440;75.9250;18.0855;5.98951
1573142333690;76.2803;18.0410;5.67862
1573142333940;76.6427;17.9716;5.38577
1573142334190;76.9978;17.8714;5.13076
1573142334440;77.3237;17.7423;4.93401
1573142334690;77.6123;17.5890;4.79866
1573142334940;77.8667;17.4007;4.73262
1573142335190;78.0255;17.2134;4.76109
1573142335440;78.1092;17.0380;4.85287
1573142335690;78.1409;16.8837;4.97539
1573142335940;78.1416;16.7587;5.09969
1573142336190;78.1275;16.6676;5.20490
1573142336440;78.1075;16.6124;5.28009
1573142336690;78.0828;16.5929;5.32425
1573142336940;78.0487;16.6067;5.34460
1573142337190;77.9968;16.6497;5.35356
1573142337440;77.9166;16.7175;5.36590
1573142337690;77.7995;16.8058;5.39471
1573142337940;77.6543;16.9065;5.43914
1573142338190;77.4851;17.0192;5.49575
1573142338440;77.2933;17.1431;5.56364
1573142338690;77.0808;17.2795;5.63977
1573142338940;76.8494;17.4302;5.72035
1573142339190;76.4116;17.6661;5.92228
1573142339440;75.7364;17.9646;6.29896
1573142339690;74.8627;18.3350;6.80224
1573142339940;73.8484;18.7889;7.36271
1573142340190;73.0240;19.2286;7.74740
1573142340440;72.3045;19.7364;7.95915
1573142340690;71.6910;20.3157;7.99329
1573142340940;71.1605;20.9635;7.87600
1573142341190;70.7907;21.5557;7.65355
1573142341440;70.4984;22.1762;7.32540
1573142341690;70.2355;22.8108;6.95365
1573142341940;70.0203;23.3581;6.62157
1573142342190;69.8111;23.8892;6.29973
1573142342440;69.5828;24.3935;6.02372
1573142342690;69.3195;24.8645;5.81600
1573142342940;68.8055;25.4716;5.72288
1573142343190;68.0565;26.0467;5.89676
1573142343440;67.1172;26.6005;6.28231
1573142343690;66.0511;27.1539;6.79505
1573142343940;64.9221;27.7309;7.34698
1573142344190;63.7819;28.3519;7.86619
1573142344440;62.6590;29.0297;8.31124
1573142344690;61.7524;29.6639;8.58378
1573142344940;60.9234;30.3446;8.73204
1573142345190;60.1371;31.0548;8.80809
1573142345440;59.3507;31.7755;8.87381
1573142345690;58.5180;32.4962;8.98586
1573142345940;57.6221;33.2015;9.17646
1573142346190;56.6641;33.8915;9.44447
1573142346440;55.7313;34.5401;9.72866
1573142346690;54.8012;35.2060;9.99287
1573142346940;53.8863;35.9056;10.2081
1573142347190;52.9889;36.6478;10.3632
1573142347440;52.0940;37.4361;10.4699
1573142347690;50.9982;38.3841;10.6177
1573142347940;49.7773;39.3520;10.8707
1573142348190;48.4345;40.3332;11.2324
