HRV.time;HRV.x;HRV.y;HRV.z
1573142085686;64.5369;30.8954;4.56776
1573142085936;65.6665;29.9377;4.39581
1573142086186;66.9210;28.5813;4.49770
1573142086436;67.8707;27.1988;4.93054
1573142086686;68.6247;25.8467;5.52864
1573142086936;69.2920;24.5740;6.13396
1573142087186;69.9594;23.4072;6.63344
1573142087436;70.6731;22.3551;6.97184
1573142087686;71.2599;21.7532;6.98689
1573142087936;72.0697;21.1739;6.75639
1573142088186;73.0357;20.5975;6.36678
1573142088436;74.1688;19.9405;5.89071
1573142088686;75.2557;19.2536;5.49064
1573142088936;76.2393;18.5335;5.22728
1573142089186;77.1018;17.7862;5.11208
1573142089436;77.8527;17.0344;5.11293
1573142089686;78.5379;16.2897;5.17242
1573142089936;79.1970;15.5693;5.23371
1573142090186;79.8599;14.8836;5.25650
1573142090436;80.6083;14.1330;5.25869
1573142090686;81.2687;13.4544;5.27688
1573142090936;81.8338;12.8474;5.31881
1573142091186;82.2811;12.3598;5.35907
1573142091436;82.6995;11.9222;5.37827
1573142091686;83.0955;11.5329;5.37153
1573142091936;83.4796;11.1886;5.33180
1573142092186;83.8600;10.8863;5.25371
1573142092436;84.1896;10.6792;5.13121
1573142092686;84.6072;10.4715;4.92126
1573142092936;85.0859;10.2571;4.65695
1573142093186;85.6004;10.0229;4.37674
1573142093436;86.0858;9.77345;4.14075
1573142093686;86.5104;9.50682;3.98275
1573142093936;86.8686;9.21166;3.91978
1573142094186;87.1336;8.90954;3.95686
1573142094436;87.3283;8.60718;4.06450
1573142094686;87.4826;8.31368;4.20377
1573142094936;87.6135;7.99146;4.39509
1573142095186;87.6768;7.71627;4.60697
1573142095436;87.6895;7.49553;4.81497
1573142095686;87.6532;7.33124;5.01558
1573142095936;87.5640;7.23377;5.20225
1573142096186;87.4255;7.20444;5.37005
1573142096436;87.3385;7.22050;5.44099
1573142096686;87.3148;7.26094;5.42430
1573142096936;87.3458;7.32421;5.32995
1573142097186;87.3867;7.44463;5.16867
1573142097436;87.3592;7.61195;5.02882
1573142097686;87.2544;7.82085;4.92476
1573142097936;87.1574;7.99687;4.84577
1573142098186;87.0847;8.17700;4.73827
1573142098436;87.0338;8.35685;4.60934
1573142098686;86.9981;8.53214;4.46979
1573142098936;86.8106;8.84402;4.34539
1573142099186;86.3651;9.20219;4.43268
1573142099436;85.7102;9.60182;4.68801
1573142099686;84.9214;10.0399;5.03875
1573142099936;84.0808;10.5151;5.40405
1573142100186;83.2589;11.0261;5.71492
1573142100436;82.4999;11.5710;5.92914
1573142100686;81.8203;12.1446;6.03511
1573142100936;81.3052;12.6707;6.02410
1573142101186;80.8857;13.1960;5.91827
1573142101436;80.5269;13.7103;5.76281
1573142101686;80.1934;14.2059;5.60073
1573142101936;79.8620;14.6743;5.46375
1573142102186;79.5214;15.1128;5.36577
1573142102436;79.1743;15.5202;5.30546
1573142102686;78.8508;15.8839;5.26528
1573142102936;78.5574;16.2194;5.22312
1573142103186;78.2999;16.5293;5.17087
1573142103436;78.0774;16.8141;5.10851
1573142103686;77.9139;17.0510;5.03508
1573142103936;77.7954;17.2598;4.94481
1573142104186;77.7068;17.4397;4.85352
1573142104436;77.6342;17.5901;4.77565
1573142104686;77.5689;17.7108;4.72021
1573142104936;77.5434;17.7838;4.67283
1573142105186;77.5692;17.8272;4.60361
1573142105436;77.6394;17.8420;4.51860
1573142105686;77.7428;17.8279;4.42933
1573142105936;77.8567;17.7787;4.36462
1573142106186;77.8983;17.7053;4.39637
1573142106436;77.8707;17.6118;4.51751
1573142106686;77.7909;17.5044;4.70476
1573142106936;77.6860;17.3917;4.92234
1573142107186;77.5858;17.2814;5.13280
1573142107436;77.5155;17.1800;5.30450
1573142107686;77.4894;17.0904;5.42019
1573142107936;77.5096;17.0131;5.47722
1573142108186;77.5675;16.9454;5.48709
1573142108436;77.6472;16.8828;5.47000
1573142108686;77.7254;16.8192;5.45540
1573142108936;77.7763;16.7558;5.46795
1573142109186;77.8004;16.6912;5.50844
1573142109436;77.8098;16.6262;5.56400
1573142109686;77.8238;16.5624;5.61375
1573142109936;77.8612;16.5013;5.63750
1573142110186;77.9347;16.4433;5.62197
1573142110436;78.0480;16.3864;5.56560
1573142110686;78.1924;16.3263;5.48127
1573142110936;78.3483;16.2598;5.39192
1573142111186;78.5021;16.1817;5.31622
1573142111436;78.6449;16.0877;5.26739
1573142111686;78.7691;15.9730;5.25796
1573142111936;78.8652;15.8438;5.29102
1573142112186;78.9498;15.7021;5.34810
1573142112436;79.0420;15.5513;5.40669
1573142112686;79.1578;15.3930;5.44918
1573142112936;79.3037;15.2281;5.46818
1573142113186;79.4820;15.0924;5.42568
1573142113436;79.7679;14.9301;5.30196
1573142113686;80.1334;14.7359;5.13072
1573142113936;80.5400;14.5057;4.95436
1573142114186;80.9536;14.2358;4.81062
1573142114436;81.4447;13.7519;4.80344
1573142114686;81.5699;13.2781;5.15207
1573142114936;81.3920;12.8380;5.77002
1573142115186;81.0217;12.4594;6.51895
1573142115436;80.5826;12.1659;7.25146
1573142115686;80.1749;11.9724;7.85271
1573142115936;80.0570;11.8950;8.04799
1573142116186;80.1767;11.8448;7.97846
1573142116436;80.4856;11.8128;7.70153
1573142116686;80.9059;11.7863;7.30775
1573142116936;81.4072;11.7556;6.83723
1573142117186;81.7477;11.7270;6.52531
1573142117436;81.8928;11.6956;6.41160
1573142117686;81.8636;11.6638;6.47258
1573142117936;81.8072;11.6332;6.55963
1573142118186;81.8204;11.5908;6.58881
1573142118436;81.9328;11.5401;6.52705
1573142118686;82.1436;11.4810;6.37542
1573142118936;82.4222;11.4100;6.16782
1573142119186;82.7186;11.3220;5.95944
1573142119436;82.9797;11.2116;5.80873
1573142119686;83.1572;11.0788;5.76394
1573142119936;83.2334;10.9267;5.83989
1573142120186;83.2173;10.7617;6.02100
1573142120436;83.1377;10.5950;6.26737
1573142120686;83.0306;10.4373;6.53215
1573142120936;82.9387;10.3039;6.75740
1573142121186;82.8775;10.1938;6.92870
1573142121436;82.8384;10.1127;7.04886
1573142121686;82.7963;10.0643;7.13942
1573142121936;82.7198;10.0516;7.22854
1573142122186;82.2182;10.1595;7.62229
1573142122436;81.0990;10.4705;8.43057
1573142122686;79.4781;10.9962;9.52573
1573142122936;77.5483;11.7457;10.7060
1573142123186;75.5119;12.7262;11.7619
1573142123436;73.6717;13.8647;12.4636
1573142123686;72.0139;15.2114;12.7747
1573142123936;70.5406;16.7549;12.7045
1573142124186;69.1975;18.4701;12.3324
1573142124436;67.9035;20.3154;11.7811
1573142124686;66.5742;22.2449;11.1810
1573142124936;65.1569;24.2037;10.6394
1573142125186;63.6357;26.1502;10.2140
1573142125436;62.0352;28.0544;9.91035
1573142125686;60.3996;29.9058;9.69459
1573142125936;58.7787;31.7015;9.51980
1573142126186;57.2031;33.4464;9.35045
1573142126436;55.6833;35.1367;9.18005
1573142126686;54.2044;36.7622;9.03343
1573142126936;52.7421;38.3005;8.95742
1573142127186;51.6997;39.3892;8.91115
1573142127436;50.7535;40.4113;8.83514
1573142127686;49.8663;41.3583;8.77541
1573142127936;49.0045;42.2190;8.77652
1573142128186;48.1415;42.9863;8.87212
1573142128436;46.8750;43.8588;9.26626
1573142128686;45.4062;44.5663;10.0274
1573142128936;43.7728;45.1526;11.0745
1573142129186;42.0342;45.6869;12.2789
1573142129436;40.2544;46.2495;13.4961
1573142129686;38.7953;46.8357;14.3690
1573142129936;37.4421;47.6004;14.9575
1573142130186;36.1859;48.5625;15.2516
1573142130436;35.0017;49.7082;15.2901
1573142130686;33.8485;51.0039;15.1476
1573142130936;32.6900;52.3964;14.9135
1573142131186;31.8595;53.4749;14.6656
1573142131436;31.0692;54.6125;14.3183
1573142131686;30.3046;55.7816;13.9138
1573142131936;29.5544;56.9554;13.4901
1573142132186;28.8119;58.1060;13.0821
1573142132436;28.0714;59.2060;12.7226
1573142132686;27.3274;60.2258;12.4468
1573142132936;26.5731;61.1313;12.2955
1573142133186;25.8008;61.8845;12.3147
1573142133436;25.0077;62.4442;12.5481
1573142133686;24.1893;62.7809;13.0297
1573142133936;23.3505;62.8770;13.7725
1573142134186;22.4979;62.7350;14.7671
1573142134436;21.6442;62.3742;15.9816
1573142134686;20.6619;61.7075;17.6306
1573142134936;19.6749;60.7873;19.5379
1573142135186;18.6988;59.6488;21.6525
1573142135436;17.9175;58.5789;23.5037
1573142135686;17.1832;57.4309;25.3859
1573142135936;16.4830;56.1775;27.3395
1573142136186;15.8027;54.7862;29.4112
1573142136436;15.1345;53.2476;31.6178
1573142136686;14.0120;50.3543;35.6337
1573142136936;12.8171;46.9959;40.1870
1573142137186;11.6634;43.5854;44.7512
1573142137436;10.6851;40.6328;48.6821
1573142137686;10.0037;38.6147;51.3816
1573142137936;9.71782;37.9175;52.3646
1573142138186;9.90987;38.8338;51.2563
1573142138436;10.6348;41.4950;47.8702
1573142138686;11.8613;45.6406;42.4981
1573142138936;13.2659;49.9906;36.7436
1573142139186;14.5960;53.5304;31.8737
1573142139436;14.6998;53.7509;31.5494
1573142139686;14.8030;53.9232;31.2738
1573142139936;14.8102;53.9316;31.2581
1573142140186;14.8177;53.9368;31.2455
1573142140436;14.8255;53.9392;31.2353
1573142140686;14.8337;53.9391;31.2272
1573142140936;14.8423;53.9365;31.2212
1573142141186;14.8510;53.9310;31.2180
1573142141436;14.8595;53.9219;31.2186
1573142141686;14.8673;53.9084;31.2242
1573142141936;14.8744;53.8905;31.2351
1573142142186;14.8127;54.0965;31.0908
1573142142436;14.7539;54.3153;30.9308
1573142142686;14.6937;54.5236;30.7827
1573142142936;14.6271;54.6956;30.6773
1573142143186;14.7507;54.4929;30.7564
1573142143436;14.8881;54.3808;30.7311
1573142143686;14.9348;54.3783;30.6870
1573142143936;15.0422;54.4346;30.5232
1573142144186;15.1517;54.5321;30.3162
1573142144436;15.0749;54.4454;30.4797
1573142144686;15.0046;54.3571;30.6383
1573142144936;14.9449;54.2842;30.7709
1573142145186;14.6687;53.9735;31.3578
1573142145436;14.6758;53.9789;31.3452
1573142145686;14.6798;53.9761;31.3441
1573142145936;14.6809;53.9659;31.3532
1573142146186;14.6854;54.0328;31.2818
1573142146436;14.6957;54.1110;31.1933
1573142146686;14.7088;54.1906;31.1006
1573142146936;14.6401;53.8299;31.5300
1573142147186;14.5699;53.4968;31.9333
1573142147436;14.5164;53.2544;32.2292
1573142147686;14.4981;53.1662;32.3358
1573142147936;14.5498;53.3537;32.0965
1573142148186;14.6972;53.9267;31.3761
1573142148436;14.9533;54.9161;30.1306
1573142148686;15.3097;56.2720;28.4182
1573142148936;15.4017;56.6153;27.9830
1573142149186;15.5133;57.0241;27.4626
1573142149436;15.6273;57.4297;26.9430
1573142149686;15.7248;57.7591;26.5160
1573142149936;15.7912;57.9549;26.2539
1573142150186;15.7217;57.8358;26.4425
1573142150436;15.6953;57.9212;26.3835
1573142150686;15.6880;58.2640;26.0480
1573142150936;15.6711;58.6434;25.6855
1573142151186;15.6104;58.9142;25.4754
1573142151436;15.4871;58.9782;25.5348
1573142151686;15.5567;58.9977;25.4455
1573142151936;15.7610;58.8405;25.3984
1573142152186;15.8546;58.2685;25.8770
1573142152436;15.8532;57.5306;26.6163
1573142152686;15.8061;56.6923;27.5016
1573142152936;15.7498;55.8972;28.3530
1573142153186;15.7188;55.2670;29.0142
1573142153436;15.7359;54.8639;29.4001
1573142153686;15.8079;54.7016;29.4904
1573142153936;15.9253;54.7241;29.3506
1573142154186;16.0202;54.8208;29.1590
1573142154436;16.0733;54.8928;29.0338
1573142154686;16.1324;54.9694;28.8982
1573142154936;16.1900;55.0191;28.7908
1573142155186;16.2808;55.0168;28.7024
1573142155436;16.3632;54.9049;28.7319
1573142155686;16.4444;54.7274;28.8282
1573142155936;16.5459;54.5508;28.9034
1573142156186;16.6880;54.4379;28.8740
1573142156436;17.0591;54.3473;28.5936
1573142156686;17.5901;54.3002;28.1097
1573142156936;18.1772;54.2460;27.5768
1573142157186;18.7712;54.1316;27.0972
1573142157436;19.3732;53.8853;26.7415
1573142157686;19.9544;53.4413;26.6044
1573142157936;20.4647;52.8273;26.7079
1573142158186;21.1126;51.5550;27.3324
1573142158436;21.6101;49.9255;28.4644
1573142158686;22.0047;48.1316;29.8636
1573142158936;22.3236;46.7195;30.9569
1573142159186;22.7115;45.4656;31.8229
1573142159436;23.1863;44.3892;32.4245
1573142159686;23.7304;43.5103;32.7593
1573142159936;24.3558;42.7576;32.8866
1573142160186;25.0513;42.1034;32.8453
1573142160436;26.0405;41.2711;32.6883
1573142160686;26.3089;41.1285;32.5626
1573142160936;26.6729;41.0774;32.2497
1573142161186;26.6673;41.0768;32.2558
1573142161436;26.6606;41.0753;32.2640
1573142161686;26.6534;41.0734;32.2733
1573142161936;27.2972;41.2044;31.4983
1573142162186;27.8711;41.2182;30.9106
1573142162436;28.3229;41.0660;30.6111
1573142162686;28.6215;40.7341;30.6444
1573142162936;28.4189;41.2517;30.3294
1573142163186;28.2863;41.8340;29.8798
1573142163436;28.2401;42.1869;29.5730
1573142163686;28.2186;42.5237;29.2576
1573142163936;28.2133;42.8222;28.9644
1573142164186;28.2209;43.0699;28.7093
1573142164436;28.2265;43.1102;28.6633
1573142164686;28.2380;43.1419;28.6200
1573142164936;28.1778;43.0644;28.7578
1573142165186;28.0923;43.0092;28.8985
1573142165436;27.9876;42.9818;29.0306
1573142165686;27.8718;42.9892;29.1390
1573142165936;26.9371;43.2173;29.8456
1573142166186;25.8197;43.5560;30.6243
1573142166436;24.6182;44.0373;31.3446
1573142166686;23.3510;44.7088;31.9401
1573142166936;22.1423;45.5428;32.3149
1573142167186;21.0347;46.5287;32.4366
1573142167436;20.0523;47.6493;32.2984
1573142167686;19.0959;49.0176;31.8865
1573142167936;18.2884;50.4641;31.2474
1573142168186;18.0901;51.0177;30.8923
1573142168436;17.9734;51.6882;30.3384
1573142168686;17.9265;52.4433;29.6302
1573142168936;17.9201;53.7021;28.3777
1573142169186;17.9315;54.8446;27.2239
1573142169436;17.9171;55.7401;26.3429
1573142169686;17.8418;56.2835;25.8748
1573142169936;17.7734;56.3725;25.8541
1573142170186;17.6798;56.3160;26.0042
1573142170436;17.5673;56.1496;26.2830
1573142170686;17.4462;55.9240;26.6298
1573142170936;17.4448;55.9213;26.6339
1573142171186;17.4437;55.9195;26.6368
1573142171436;17.4427;55.9187;26.6386
1573142171686;17.4420;55.9187;26.6393
1573142171936;17.4411;55.9192;26.6397
1573142172186;17.4400;55.9196;26.6404
1573142172436;17.4385;55.9197;26.6419
1573142172686;16.6514;55.4330;27.9156
1573142172936;15.5693;54.3046;30.1261
1573142173186;14.3773;52.9582;32.6646
1573142173436;13.2599;51.8723;34.8678
1573142173686;12.3383;51.3976;36.2642
1573142173936;11.6608;51.6940;36.6452
1573142174186;11.2227;52.7437;36.0336
1573142174436;10.9867;54.3800;34.6333
1573142174686;10.9789;54.6353;34.3858
1573142174936;10.9859;54.9363;34.0778
1573142175186;10.9990;55.2323;33.7687
1573142175436;11.0108;55.4798;33.5094
1573142175686;11.0142;55.5659;33.4199
1573142175936;11.0151;55.6166;33.3682
1573142176186;11.0155;55.6407;33.3438
1573142176436;11.0178;55.6522;33.3300
1573142176686;11.0175;55.6517;33.3308
1573142176936;11.0170;55.6508;33.3321
1573142177186;11.1118;55.8166;33.0715
1573142177436;11.2119;55.9230;32.8652
1573142177686;11.2963;55.8909;32.8129
1573142177936;11.3926;55.2975;33.3099
1573142178186;11.3725;54.0752;34.5522
1573142178436;11.3573;53.8475;34.7952
1573142178686;11.3369;53.6091;35.0540
1573142178936;11.3978;54.3252;34.2770
1573142179186;11.4250;54.7987;33.7764
1573142179436;11.4095;54.9793;33.6112
1573142179686;11.3567;54.8916;33.7517
1573142179936;11.4062;55.0512;33.5426
1573142180186;11.4477;55.1911;33.3612
1573142180436;11.4702;55.2486;33.2811
1573142180686;11.4696;55.1914;33.3390
1573142180936;11.4691;55.1865;33.3444
1573142181186;11.4684;55.1803;33.3514
1573142181436;11.4679;55.1741;33.3580
1573142181686;11.4680;55.1692;33.3629
1573142181936;11.4945;55.0228;33.4828
1573142182186;11.5565;54.8020;33.6415
1573142182436;11.6365;54.5086;33.8548
1573142182686;11.7259;54.0965;34.1776
1573142182936;11.8169;53.5326;34.6506
1573142183186;11.8985;52.8842;35.2172
1573142183436;11.9805;52.1629;35.8566
1573142183686;12.0742;51.4073;36.5186
1573142183936;12.1913;50.6903;37.1184
1573142184186;12.3429;50.0816;37.5756
1573142184436;12.5221;49.6642;37.8137
1573142184686;12.7378;49.4150;37.8472
1573142184936;13.0076;49.2999;37.6925
1573142185186;13.2811;49.2929;37.4260
1573142185436;13.5150;49.3227;37.1623
1573142185686;13.6965;49.3249;36.9786
1573142185936;13.8054;49.2565;36.9381
1573142186186;13.7585;49.3363;36.9052
1573142186436;13.7522;49.3487;36.8991
1573142186686;13.7829;49.2746;36.9425
1573142186936;13.8463;49.0972;37.0565
1573142187186;13.9822;48.6216;37.3962
1573142187436;14.1212;48.0610;37.8178
1573142187686;14.2940;47.3757;38.3303
1573142187936;14.5080;46.6127;38.8792
1573142188186;14.7729;45.8257;39.4013
1573142188436;14.8451;45.6715;39.4834
1573142188686;14.9375;45.5439;39.5186
1573142188936;15.0497;45.4438;39.5065
1573142189186;15.1794;45.3667;39.4540
1573142189436;15.2355;45.3425;39.4220
1573142189686;15.2953;45.3202;39.3845
1573142189936;15.3564;45.2945;39.3491
1573142190186;15.4170;45.2604;39.3226
1573142190436;15.4754;45.2141;39.3105
1573142190686;15.5306;45.1533;39.3161
1573142190936;15.2561;45.5369;39.2070
1573142191186;14.4429;46.7694;38.7877
1573142191436;13.6111;48.0057;38.3832
1573142191686;12.7685;49.2075;38.0240
1573142191936;12.8074;49.1495;38.0431
1573142192186;12.8455;49.0865;38.0679
1573142192436;13.4164;48.0587;38.5248
1573142192686;14.2220;46.5128;39.2652
1573142192936;15.0195;45.0382;39.9423
1573142193186;15.8338;43.7727;40.3935
1573142193436;16.6855;42.8001;40.5144
1573142193686;17.2430;42.4114;40.3456
1573142193936;16.8216;42.5204;40.6580
1573142194186;16.3489;42.4954;41.1557
1573142194436;15.8536;42.3983;41.7481
1573142194686;15.3641;42.2969;42.3390
1573142194936;15.4820;42.3069;42.2112
1573142195186;14.9838;42.3674;42.6488
1573142195436;14.5264;42.5164;42.9572
1573142195686;14.1003;42.7275;43.1722
1573142195936;13.5063;43.0547;43.4390
1573142196186;12.9120;43.3364;43.7516
1573142196436;12.3105;43.5291;44.1604
1573142196686;11.7033;43.6153;44.6814
1573142196936;11.3405;43.6149;45.0445
1573142197186;10.9888;43.5809;45.4303
1573142197436;10.6496;43.5215;45.8289
1573142197686;10.3220;43.4393;46.2386
1573142197936;10.0355;43.3443;46.6202
1573142198186;9.75550;43.2285;47.0161
1573142198436;9.48042;43.0960;47.4236
1573142198686;9.37917;43.0474;47.5734
1573142198936;9.28146;43.0104;47.7082
1573142199186;9.18745;42.9925;47.8201
1573142199436;8.90060;43.0044;48.0950
1573142199686;8.83996;43.0235;48.1366
1573142199936;8.77999;43.0596;48.1604
1573142200186;8.80608;43.0389;48.1550
1573142200436;8.83342;43.0163;48.1503
1573142200686;9.49665;42.4844;48.0189
1573142200936;10.1963;41.9661;47.8376
1573142201186;10.9478;41.5215;47.5307
1573142201436;11.1705;41.4384;47.3911
1573142201686;11.4183;41.3945;47.1872
1573142201936;11.6858;41.3688;46.9455
1573142202186;11.9640;41.3324;46.7036
1573142202436;12.2430;41.2575;46.4995
1573142202686;11.9253;41.4006;46.6741
1573142202936;11.4206;41.7179;46.8615
1573142203186;10.9376;42.1079;46.9545
1573142203436;10.4799;42.5550;46.9651
1573142203686;10.0493;43.0383;46.9125
1573142203936;9.72997;43.4373;46.8328
1573142204186;9.43463;43.8404;46.7250
1573142204436;9.16408;44.2358;46.6002
1573142204686;8.91856;44.6116;46.4698
1573142204936;8.69732;44.9543;46.3484
1573142205186;8.49841;45.2461;46.2555
1573142205436;8.31892;45.4665;46.2146
1573142205686;8.15565;45.5954;46.2489
1573142205936;8.15965;45.5945;46.2459
1573142206186;8.16332;45.5959;46.2408
1573142206436;8.16670;45.5995;46.2338
1573142206686;8.16977;45.6050;46.2252
1573142206936;8.17251;45.6117;46.2158
1573142207186;8.17485;45.6188;46.2063
1573142207436;8.17675;45.6255;46.1978
1573142207686;8.15703;45.5469;46.2960
1573142207936;8.14367;45.4869;46.3695
1573142208186;8.12230;45.3713;46.5064
1573142208436;8.11012;45.2501;46.6398
1573142208686;8.11794;45.1880;46.6940
1573142208936;8.14529;45.1955;46.6592
1573142209186;8.19299;45.2833;46.5237
1573142209436;8.19744;45.2965;46.5061
1573142209686;8.20325;45.3183;46.4784
1573142209936;8.21008;45.3461;46.4439
1573142210186;8.21732;45.3754;46.4072
1573142210436;8.24164;45.4649;46.2934
1573142210686;8.26279;45.5239;46.2133
1573142210936;8.22027;45.4636;46.3162
1573142211186;8.18687;45.4841;46.3290
1573142211436;8.10913;45.7152;46.1756
1573142211686;8.04170;46.0361;45.9222
1573142211936;7.98140;46.4226;45.5960
1573142212186;7.92915;46.8606;45.2102
1573142212436;7.88976;47.3477;44.7626
1573142212686;7.87021;47.8878;44.2420
1573142212936;7.87265;48.1253;44.0021
1573142213186;7.88534;48.4246;43.6900
1573142213436;7.90643;48.7603;43.3333
1573142213686;7.93175;49.0927;42.9756
1573142213936;7.95267;49.3375;42.7098
1573142214186;7.96894;49.5099;42.5211
1573142214436;7.97851;49.5891;42.4324
1573142214686;7.97935;49.5874;42.4333
1573142214936;7.97963;49.5706;42.4498
1573142215186;7.98050;49.5461;42.4734
1573142215436;7.98332;49.5225;42.4942
1573142215686;7.98923;49.5081;42.5027
1573142215936;8.01820;49.5058;42.4760
1573142216186;8.05853;49.5474;42.3940
1573142216436;8.10850;49.6283;42.2632
1573142216686;8.16474;49.7345;42.1007
1573142216936;8.22283;49.8461;41.9311
1573142217186;8.31189;49.9958;41.6923
1573142217436;8.39064;50.0852;41.5242
1573142217686;8.45550;50.1026;41.4419
1573142217936;8.50600;50.0526;41.4414
1573142218186;8.50600;50.0526;41.4414
1573142218436;8.50600;50.0526;41.4414
1573142218686;8.44691;50.1720;41.3810
1573142218936;8.39931;50.1507;41.4500
1573142219186;8.37394;50.0643;41.5617
1573142219436;8.38550;50.0256;41.5889
1573142219686;8.44696;50.1348;41.4182
1573142219936;8.51777;50.3413;41.1410
1573142220186;8.62683;50.7231;40.6501
1573142220436;8.77160;51.2656;39.9628
1573142220686;8.86545;51.6278;39.5068
1573142220936;8.97087;52.0357;38.9935
1573142221186;9.08246;52.4544;38.4631
1573142221436;8.62198;50.7305;40.6475
1573142221686;8.15520;48.9449;42.8999
1573142221936;7.70743;47.2602;45.0324
1573142222186;7.09770;45.0530;47.8493
1573142222436;6.62997;43.5029;49.8671
1573142222686;6.27054;42.5906;51.1388
1573142222936;6.02946;42.4203;51.5503
1573142223186;5.90736;43.0336;51.0590
1573142223436;5.89830;43.6734;50.4283
1573142223686;5.92138;44.6458;49.4328
1573142223936;5.96085;45.8439;48.1953
1573142224186;5.99766;47.1242;46.8782
1573142224436;6.01355;48.3337;45.6527
1573142224686;6.04103;47.0968;46.8621
1573142224936;6.16971;45.4665;48.3638
1573142225186;6.39576;43.9902;49.6140
1573142225436;6.72035;42.6718;50.6078
1573142225686;7.14072;41.4916;51.3676
1573142225936;7.39243;40.9776;51.6299
1573142226186;7.68350;40.5327;51.7838
1573142226436;8.01065;40.1396;51.8498
1573142226686;8.37056;39.7868;51.8426
1573142226936;8.76045;39.4712;51.7683
1573142227186;9.17838;39.1975;51.6241
1573142227436;9.45098;39.0646;51.4844
1573142227686;9.73916;38.9757;51.2851
1573142227936;10.0415;38.9337;51.0248
1573142228186;10.3554;38.9375;50.7072
1573142228436;9.85002;38.8497;51.3003
1573142228686;9.34181;38.6844;51.9738
1573142228936;8.84412;38.4800;52.6759
1573142229186;8.28632;38.2474;53.4663
1573142229436;7.76854;38.0781;54.1534
1573142229686;7.29805;38.0236;54.6784
1573142229936;5.90728;38.2503;55.8424
1573142230186;4.72004;38.8920;56.3879
1573142230436;3.75519;40.0581;56.1867
1573142230686;3.01756;41.8262;55.1563
1573142230936;2.50460;44.2079;53.2875
1573142231186;2.21200;47.1095;50.6785
1573142231436;2.13471;50.2984;47.5669
1573142231686;2.26236;53.4119;44.3257
1573142231936;2.42725;55.0839;42.4889
1573142232186;2.45193;55.2798;42.2683
1573142232436;2.47713;55.4670;42.0558
1573142232686;2.55309;55.9421;41.5048
1573142232936;2.63291;56.3185;41.0486
1573142233186;2.71661;56.6059;40.6775
1573142233436;2.80486;56.8264;40.3688
1573142233686;2.89824;56.9986;40.1032
1573142233936;2.87024;56.9537;40.1761
1573142234186;2.84398;56.9170;40.2390
1573142234436;2.82055;56.9079;40.2716
1573142234686;2.80119;56.9497;40.2491
1573142234936;2.74631;57.3916;39.8621
1573142235186;2.71685;58.3709;38.9123
1573142235436;2.73523;59.6808;37.5840
1573142235686;2.79683;61.1965;36.0067
1573142235936;2.89293;62.7026;34.4045
1573142236186;3.01169;63.9366;33.0518
1573142236436;3.17800;64.8381;31.9839
1573142236686;3.03134;64.5297;32.4389
1573142236936;2.91768;64.5700;32.5124
1573142237186;2.83549;64.9342;32.2303
1573142237436;2.76443;65.7418;31.4937
1573142237686;2.75853;66.4370;30.8044
1573142237936;2.81753;66.7000;30.4824
1573142238186;2.93951;66.2912;30.7693
1573142238436;3.12097;65.1583;31.7207
1573142238686;3.10501;65.2709;31.6241
1573142238936;3.04278;65.6871;31.2701
1573142239186;3.01292;65.8580;31.1290
1573142239436;3.01886;65.8633;31.1178
1573142239686;3.06532;65.8279;31.1068
1573142239936;3.07576;65.8412;31.0830
1573142240186;3.09044;65.8883;31.0212
1573142240436;3.10928;65.9662;30.9245
1573142240686;3.16230;66.1840;30.6537
1573142240936;3.22211;66.3808;30.3971
1573142241186;3.28596;66.5003;30.2138
1573142241436;3.35150;66.4996;30.1489
1573142241686;3.22291;66.7385;30.0386
1573142241936;2.87617;67.8383;29.2855
1573142242186;2.57150;69.0338;28.3947
1573142242436;2.31042;70.1048;27.5848
1573142242686;2.19612;70.5414;27.2625
1573142242936;2.26493;70.2861;27.4489
1573142243186;2.34420;69.9897;27.6661
1573142243436;2.43359;69.6659;27.9005
1573142243686;2.51450;69.3910;28.0945
1573142243936;2.54705;69.2923;28.1607
1573142244186;2.58139;69.2049;28.2137
1573142244436;2.61752;69.1331;28.2494
1573142244686;2.65547;69.0814;28.2631
1573142244936;2.88317;68.8806;28.2363
1573142245186;3.13155;68.7393;28.1291
1573142245436;3.39977;68.6670;27.9333
1573142245686;3.68673;68.6590;27.6542
1573142245936;3.99073;68.6947;27.3146
1573142246186;4.04268;68.7094;27.2479
1573142246436;4.09594;68.7327;27.1713
1573142246686;4.15019;68.7565;27.0934
1573142246936;4.20518;68.7735;27.0213
1573142247186;4.30641;68.7826;26.9110
1573142247436;4.68376;68.6804;26.6358
1573142247686;5.07193;68.4212;26.5068
1573142247936;5.47246;68.0461;26.4814
1573142248186;5.88747;67.5926;26.5199
1573142248436;5.56981;67.9018;26.5284
1573142248686;5.24698;68.1305;26.6226
1573142248936;4.92788;68.3335;26.7386
1573142249186;4.62158;68.5832;26.7952
1573142249436;4.64314;68.5541;26.8028
1573142249686;4.66365;68.5103;26.8261
1573142249936;4.68312;68.4548;26.8621
1573142250186;4.70184;68.3944;26.9038
1573142250436;4.72021;68.3377;26.9421
1573142250686;4.73862;68.2926;26.9687
1573142250936;4.75727;68.2644;26.9783
1573142251186;4.99789;68.1064;26.8957
1573142251436;5.15001;68.1007;26.7493
1573142251686;5.29959;68.1557;26.5448
1573142251936;5.44232;68.2274;26.3303
1573142252186;5.57469;68.2821;26.1432
1573142252436;5.37083;68.1883;26.4408
1573142252686;5.19190;68.0379;26.7702
1573142252936;5.40501;68.2285;26.3665
1573142253186;5.59993;68.3300;26.0701
1573142253436;5.74399;68.3698;25.8862
1573142253686;5.87657;68.3815;25.7419
1573142253936;5.85368;68.3803;25.7660
1573142254186;5.83353;68.3809;25.7856
1573142254436;5.81675;68.3953;25.7879
1573142254686;5.80383;68.4331;25.7631
1573142254936;5.74956;68.7798;25.4707
1573142255186;5.71910;69.1431;25.1378
1573142255436;5.70251;69.4619;24.8356
1573142255686;5.69172;69.6280;24.6803
1573142255936;5.71485;69.5936;24.6915
1573142256186;5.76063;69.6897;24.5497
1573142256436;5.83170;69.9626;24.2057
1573142256686;6.11679;70.7702;23.1130
1573142256936;6.48560;71.0319;22.4825
1573142257186;6.90177;70.6120;22.4862
1573142257436;7.33154;69.5367;23.1317
1573142257686;7.75609;68.0132;24.2307
1573142257936;7.92041;67.4893;24.5902
1573142258186;8.06226;67.2701;24.6677
1573142258436;8.22497;67.2676;24.5074
1573142258686;8.40988;67.4706;24.1196
1573142258936;8.23320;67.0890;24.6778
1573142259186;8.04321;66.5009;25.4559
1573142259436;7.85343;65.8162;26.3303
1573142259686;7.67760;65.1536;27.1688
1573142259936;7.44571;64.2987;28.2556
1573142260186;7.26495;63.6944;29.0407
1573142260436;7.35979;63.8423;28.7980
1573142260686;7.42294;63.6370;28.9401
1573142260936;7.48784;62.8207;29.6915
1573142261186;7.53632;61.6831;30.7806
1573142261436;7.59086;60.4250;31.9841
1573142261686;7.67540;59.0956;33.2290
1573142261936;7.80319;57.7997;34.3972
1573142262186;7.97261;56.6204;35.4070
1573142262436;8.18034;55.5301;36.2896
1573142262686;8.10458;55.8216;36.0738
1573142262936;8.02085;56.0405;35.9386
1573142263186;7.93316;56.2017;35.8651
1573142263436;7.84520;56.3173;35.8375
1573142263686;7.87788;56.2837;35.8384
1573142263936;7.90972;56.2562;35.8341
1573142264186;7.98457;56.2065;35.8089
1573142264436;8.05648;56.1772;35.7664
1573142264686;8.12400;56.1711;35.7049
1573142264936;8.18462;56.1834;35.6319
1573142265186;8.23484;56.2013;35.5638
1573142265436;8.20252;56.1830;35.6145
1573142265686;8.18629;56.1663;35.6474
1573142265936;8.18844;56.1660;35.6455
1573142266186;8.21008;56.1896;35.6004
1573142266436;8.28952;56.2671;35.4434
1573142266686;8.55315;56.3778;35.0691
1573142266936;8.88414;56.2977;34.8182
1573142267186;9.28428;55.9995;34.7163
1573142267436;9.73877;55.5131;34.7481
1573142267686;10.2480;54.9114;34.8406
1573142267936;10.6587;54.4889;34.8524
1573142268186;11.1249;54.1525;34.7226
1573142268436;11.6492;53.9268;34.4240
1573142268686;12.2275;53.8027;33.9697
1573142268936;12.8484;53.7405;33.4111
1573142269186;13.4937;53.6800;32.8263
1573142269436;14.1423;53.5582;32.2995
1573142269686;14.7747;53.3275;31.8979
1573142269936;15.0472;53.1828;31.7700
1573142270186;15.3179;53.0103;31.6718
1573142270436;15.5889;52.8167;31.5944
1573142270686;15.8637;52.6115;31.5248
1573142270936;16.1459;52.4037;31.4504
1573142271186;16.4383;52.1985;31.3633
1573142271436;16.7538;51.9869;31.2593
1573142271686;17.0802;51.7707;31.1491
1573142271936;17.4153;51.5411;31.0436
1573142272186;18.0196;51.0749;30.9055
1573142272436;18.0558;51.0449;30.8993
1573142272686;18.0935;51.0145;30.8921
1573142272936;18.1325;50.9839;30.8836
1573142273186;18.1728;50.9535;30.8737
1573142273436;18.6932;50.5537;30.7531
1573142273686;19.2072;50.1308;30.6620
1573142273936;19.7110;49.6970;30.5920
1573142274186;20.2299;49.2371;30.5330
1573142274436;20.8313;48.6839;30.4848
1573142274686;21.3867;48.1451;30.4681
1573142274936;21.8849;47.6310;30.4841
1573142275186;22.3163;47.1519;30.5317
1573142275436;22.2461;47.2249;30.5290
1573142275686;22.1790;47.2776;30.5434
1573142275936;22.1159;47.3099;30.5742
1573142276186;22.0773;47.3182;30.6046
1573142276436;22.0425;47.3138;30.6437
1573142276686;22.0115;47.2969;30.6915
1573142276936;21.9842;47.2680;30.7479
1573142277186;21.9602;47.2278;30.8121
1573142277436;21.9394;47.1783;30.8823
1573142277686;21.9325;47.1561;30.9114
1573142277936;21.9372;47.1770;30.8857
1573142278186;21.9403;47.1970;30.8627
1573142278436;21.9419;47.2149;30.8432
1573142278686;21.9438;47.3233;30.7329
1573142278936;21.9398;47.4059;30.6543
1573142279186;21.9370;47.4704;30.5926
1573142279436;21.9426;47.5229;30.5346
1573142279686;21.9619;47.5671;30.4709
1573142279936;22.0923;47.6796;30.2281
1573142280186;22.2330;47.6355;30.1315
1573142280436;22.3337;47.5042;30.1621
1573142280686;22.4493;47.2593;30.2914
1573142280936;22.5696;46.8782;30.5522
1573142281186;22.6583;46.4951;30.8467
1573142281436;22.7488;46.0135;31.2378
1573142281686;22.8444;45.4507;31.7049
1573142281936;22.9545;44.8386;32.2070
1573142282186;23.0925;44.2192;32.6884
1573142282436;23.1801;43.9473;32.8726
1573142282686;23.8084;42.5527;33.6389
1573142282936;24.5362;41.3396;34.1242
1573142283186;25.3789;40.3817;34.2394
1573142283436;26.4489;39.6343;33.9168
1573142283686;27.6051;39.2318;33.1630
1573142283936;28.4621;39.1985;32.3394
1573142284186;29.3312;39.3895;31.2792
1573142284436;30.1428;39.7335;30.1237
1573142284686;30.2686;39.8085;29.9230
1573142284936;30.3774;39.8867;29.7359
1573142285186;30.4583;39.9508;29.5909
1573142285436;29.9490;39.5937;30.4573
1573142285686;29.4766;39.4151;31.1083
1573142285936;29.0914;39.5144;31.3943
1573142286186;28.8228;39.9597;31.2176
1573142286436;28.7003;40.6824;30.6173
1573142286686;28.7109;40.9700;30.3191
1573142286936;28.7634;41.3392;29.8974
1573142287186;28.8282;41.7500;29.4218
1573142287436;28.6194;40.5128;30.8678
1573142287686;28.4077;39.3344;32.2579
1573142287936;28.2724;38.3236;33.4040
1573142288186;28.2618;37.5392;34.1990
1573142288436;28.3887;36.9894;34.6219
1573142288686;28.6329;36.6413;34.7258
1573142288936;29.0443;36.3428;34.6130
1573142289186;29.4204;36.1370;34.4425
1573142289436;29.7148;35.9673;34.3179
1573142289686;29.9104;35.8232;34.2664
1573142289936;29.9919;35.7946;34.2134
1573142290186;30.1131;35.8326;34.0543
1573142290436;30.2846;35.9525;33.7629
1573142290686;30.5062;36.1588;33.3351
1573142290936;30.7652;36.4423;32.7925
1573142291186;30.4404;36.0797;33.4799
1573142291436;30.0452;35.6618;34.2929
1573142291686;29.6300;35.2367;35.1333
1573142291936;29.2430;34.8482;35.9088
1573142292186;28.9212;34.5266;36.5522
1573142292436;28.3592;33.9850;37.6558
1573142292686;27.9123;33.5890;38.4987
1573142292936;27.9116;33.5883;38.5002
1573142293186;27.9204;33.5823;38.4973
1573142293436;27.9535;33.5851;38.4615
1573142293686;28.0068;33.5905;38.4028
1573142293936;28.2717;33.5927;38.1356
1573142294186;28.5634;33.5472;37.8893
1573142294436;28.8619;33.4322;37.7059
1573142294686;29.1492;33.2324;37.6184
1573142294936;29.4105;32.9409;37.6486
1573142295186;29.6353;32.5600;37.8048
1573142295436;29.8187;32.1015;38.0798
1573142295686;30.0622;31.1512;38.7866
1573142295936;30.0235;31.3471;38.6294
1573142296186;29.9802;31.5379;38.4819
1573142296436;29.9305;31.7150;38.3545
1573142296686;29.9876;31.5401;38.4723
1573142296936;30.0403;31.3883;38.5713
1573142297186;30.2635;30.5005;39.2360
1573142297436;30.2455;29.8005;39.9540
1573142297686;30.0101;29.3492;40.6407
1573142297936;29.8526;29.2829;40.8645
1573142298186;29.6934;29.3750;40.9316
1573142298436;29.6026;29.5463;40.8510
1573142298686;29.5343;29.8248;40.6409
1573142298936;29.4843;30.1967;40.3190
1573142299186;29.4708;30.3597;40.1695
1573142299436;29.4592;30.5406;40.0002
1573142299686;29.4445;30.7295;39.8260
1573142299936;29.4234;30.9177;39.6589
1573142300186;29.3955;31.0995;39.5050
1573142300436;29.4177;30.9719;39.6104
1573142300686;29.4370;30.8490;39.7141
1573142300936;29.4493;30.7299;39.8208
1573142301186;29.4515;30.6143;39.9342
1573142301436;29.4314;30.3883;40.1803
1573142301686;29.3878;30.1775;40.4347
1573142301936;29.3286;29.9926;40.6788
1573142302186;29.2652;29.8470;40.8878
1573142302436;29.2100;29.7535;41.0365
1573142302686;29.1729;29.7213;41.1057
1573142302936;29.1862;29.6262;41.1876
1573142303186;29.0909;29.3626;41.5465
1573142303436;28.9266;28.9812;42.0921
1573142303686;28.7494;28.5484;42.7022
1573142303936;28.4321;27.6789;43.8890
1573142304186;28.2363;26.9759;44.7878
1573142304436;28.2508;26.7156;45.0336
1573142304686;28.4173;26.5816;45.0011
1573142304936;28.7253;26.5613;44.7134
1573142305186;29.1448;26.6236;44.2316
1573142305436;29.6347;26.7278;43.6375
1573142305686;30.4143;26.8921;42.6937
1573142305936;31.1496;27.0167;41.8337
1573142306186;31.8222;27.0863;41.0915
1573142306436;32.4463;27.1127;40.4410
1573142306686;32.5821;27.1146;40.3034
1573142306936;32.7433;27.1172;40.1395
1573142307186;32.9305;27.1204;39.9491
1573142307436;33.1373;27.1189;39.7438
1573142307686;33.4159;27.0989;39.4852
1573142307936;33.6838;27.0479;39.2684
1573142308186;33.9257;26.9563;39.1180
1573142308436;34.1340;26.8219;39.0440
1573142308686;33.9973;26.9482;39.0545
1573142308936;33.5018;27.4628;39.0354
1573142309186;32.9382;28.0188;39.0430
1573142309436;32.2947;28.5877;39.1176
1573142309686;31.7440;29.0319;39.2241
1573142309936;31.1717;29.4835;39.3448
1573142310186;30.8850;29.7305;39.3846
1573142310436;30.6263;30.0025;39.3712
1573142310686;30.4049;30.3068;39.2883
1573142310936;30.2211;30.6428;39.1361
1573142311186;30.5307;29.8644;39.6049
1573142311436;30.5849;29.6946;39.7205
1573142311686;30.6427;29.5382;39.8191
1573142311936;30.7167;29.4062;39.8771
1573142312186;30.8159;29.3047;39.8793
1573142312436;31.5790;28.8594;39.5616
1573142312686;32.4318;28.5655;39.0027
1573142312936;33.3329;28.3627;38.3044
1573142313186;34.2262;28.1835;37.5903
1573142313436;34.6014;28.0896;37.3090
1573142313686;34.9602;27.9621;37.0777
1573142313936;35.3000;27.7931;36.9069
1573142314186;35.6294;27.5853;36.7853
1573142314436;35.9643;27.3489;36.6869
1573142314686;36.2539;27.1455;36.6006
1573142314936;36.5750;26.9371;36.4879
1573142315186;36.9287;26.7268;36.3444
1573142315436;37.5183;26.3886;36.0932
1573142315686;38.1068;26.0336;35.8596
1573142315936;38.8941;25.4831;35.6229
1573142316186;39.5616;24.8897;35.5487
1573142316436;40.0798;24.2643;35.6558
1573142316686;40.4468;23.6345;35.9186
1573142316936;40.2396;24.0537;35.7067
1573142317186;39.9596;24.5302;35.5103
1573142317436;39.6248;24.9547;35.4205
1573142317686;39.2306;25.3067;35.4628
1573142317936;39.2854;25.2719;35.4427
1573142318186;39.3382;25.2492;35.4126
1573142318436;39.3880;25.2390;35.3731
1573142318686;39.9460;25.2780;34.7760
1573142318936;40.3399;25.5053;34.1548
1573142319186;40.6076;25.9115;33.4809
1573142319436;40.8150;26.5046;32.6804
1573142319686;40.9950;27.2690;31.7361
1573142319936;41.1511;28.1669;30.6820
1573142320186;41.2558;29.1371;29.6070
1573142320436;41.1359;28.1900;30.6741
1573142320686;40.6168;26.2436;33.1396
1573142320936;39.9001;24.5354;35.5645
1573142321186;39.2052;23.2922;37.5026
1573142321436;38.6879;22.6589;38.6531
1573142321686;38.3916;22.6895;38.9188
1573142321936;38.3950;22.7165;38.8885
1573142322186;38.3689;22.6637;38.9675
1573142322436;38.3374;22.6041;39.0585
1573142322686;38.3192;22.5509;39.1298
1573142322936;38.2462;21.9207;39.8330
1573142323186;38.3360;21.8187;39.8453
1573142323436;38.5931;22.2562;39.1507
1573142323686;38.6144;22.2902;39.0954
1573142323936;38.6477;22.3354;39.0170
1573142324186;38.6812;22.3850;38.9339
1573142324436;38.1676;21.5636;40.2688
1573142324686;37.7980;20.9433;41.2588
1573142324936;37.6820;20.5847;41.7334
1573142325186;37.8500;20.5032;41.6468
1573142325436;38.1939;20.6366;41.1695
1573142325686;38.7050;20.9397;40.3552
1573142325936;39.2244;21.3375;39.4380
1573142326186;39.6200;21.7588;38.6212
1573142326436;39.7954;22.1467;38.0579
1573142326686;39.7864;22.0670;38.1466
1573142326936;39.7820;22.0098;38.2082
1573142327186;39.7764;21.9712;38.2524
1573142327436;39.7626;21.9463;38.2911
1573142327686;39.7352;21.9302;38.3346
1573142327936;39.6912;21.9192;38.3896
1573142328186;39.6572;21.9140;38.4287
1573142328436;39.6170;21.9088;38.4742
1573142328686;39.5709;21.9024;38.5267
1573142328936;39.5187;21.8938;38.5875
1573142329186;39.3951;21.8699;38.7350
1573142329436;39.3926;21.8693;38.7381
1573142329686;39.3899;21.8685;38.7416
1573142329936;39.3871;21.8675;38.7454
1573142330186;39.3841;21.8663;38.7495
1573142330436;38.5339;21.6016;39.8644
1573142330686;37.4210;21.4024;41.1766
1573142330936;36.1467;21.3221;42.5312
1573142331186;34.7885;21.4187;43.7928
1573142331436;34.5432;21.4787;43.9781
1573142331686;34.3541;21.5789;44.0670
1573142331936;34.2174;21.7160;44.0666
1573142332186;34.1184;21.8799;44.0017
1573142332436;34.0363;22.0559;43.9077
1573142332686;33.9498;22.2286;43.8217
1573142332936;34.0156;22.1253;43.8591
1573142333186;34.0886;22.0415;43.8699
1573142333436;34.1695;21.9779;43.8525
1573142333686;34.3848;21.8600;43.7551
1573142333936;34.5768;21.7854;43.6378
1573142334186;34.7370;21.7449;43.5181
1573142334436;34.8999;21.7312;43.3690
1573142334686;35.0251;21.7588;43.2162
1573142334936;35.1436;21.8338;43.0226
1573142335186;35.2925;21.9648;42.7428
1573142335436;35.0833;21.8181;43.0986
1573142335686;34.7254;21.6351;43.6394
1573142335936;34.2301;21.4326;44.3373
1573142336186;33.6315;21.2388;45.1296
1573142336436;33.8587;21.2951;44.8463
1573142336686;33.4542;21.2354;45.3104
1573142336936;33.0669;21.2350;45.6981
1573142337186;32.7082;21.3016;45.9902
1573142337436;31.8461;21.6513;46.5026
1573142337686;31.0685;22.1376;46.7940
1573142337936;30.3072;22.7671;46.9258
1573142338186;29.5216;23.5525;46.9258
1573142338436;28.7453;24.4442;46.8105
1573142338686;29.0706;24.0011;46.9284
1573142338936;29.3415;23.5398;47.1187
1573142339186;29.5627;23.0793;47.3580
1573142339436;29.7459;22.6419;47.6122
1573142339686;29.9076;22.2507;47.8417
1573142339936;30.0653;21.9262;48.0085
1573142340186;30.2148;21.7119;48.0734
1573142340436;30.3828;21.5773;48.0399
1573142340686;30.0379;21.6755;48.2866
1573142340936;29.6163;21.6606;48.7232
1573142341186;29.1479;21.5517;49.3004
1573142341436;28.6689;21.3760;49.9551
1573142341686;28.1675;21.1417;50.6908
1573142341936;27.7121;20.8903;51.3976
1573142342186;26.5263;20.2204;53.2533
1573142342436;25.3415;19.6360;55.0225
1573142342686;24.0243;19.1230;56.8527
1573142342936;22.7329;18.7959;58.4712
1573142343186;21.5066;18.6901;59.8033
1573142343436;21.1077;18.7275;60.1649
1573142343686;20.7954;18.8324;60.3722
1573142343936;20.5616;19.0049;60.4335
1573142344186;20.3893;19.2369;60.3738
1573142344436;20.3188;19.3879;60.2933
1573142344686;20.2627;19.5479;60.1894
1573142344936;20.2072;19.7066;60.0863
1573142345186;20.1414;19.8567;60.0019
1573142345436;20.0993;19.9302;59.9705
1573142345686;20.0515;19.9981;59.9504
1573142345936;20.0005;20.0643;59.9352
1573142346186;20.1014;19.9195;59.9792
1573142346436;20.2140;19.6928;60.0932
1573142346686;20.2782;19.4649;60.2569
1573142346936;20.3064;19.2440;60.4496
1573142347186;20.3202;19.0458;60.6339
1573142347436;20.3421;18.9227;60.7351
1573142347686;20.3963;18.8401;60.7636
1573142347936;20.4685;18.8158;60.7157
1573142348186;20.5824;18.8268;60.5908
